1 0.5205078125 0.4995117187500001 0.4995117187500001 0.4995117187500001 0.4995117187500001 0.5498046875 0.5205078125 0.5498046875
1 0.546875 0.4599609375000001 0.52734375 0.4599609375000001 0.52734375 0.50341796875 0.546875 0.50341796875
1 0.70556640625 0.4482421875000001 0.677734375 0.4482421875000001 0.677734375 0.4965820312500001 0.70556640625 0.4965820312500001
1 0.50732421875 0.4238281250000001 0.48779296875 0.4238281250000001 0.48779296875000006 0.4687500000000001 0.50732421875 0.4687500000000001
0 0.63671875 0.4140625000000001 0.58056640625 0.4140625000000001 0.58056640625 0.4716796875000001 0.63671875 0.4716796875000001
0 0.64208984375 0.5029296875 0.560546875 0.5029296875 0.560546875 0.60400390625 0.64208984375 0.60400390625
0 0.3393554687500001 0.6708984375 0.20312500000000006 0.6708984375 0.20312500000000008 0.85009765625 0.3393554687500001 0.85009765625
1 0.53125 0.3588867187500001 0.52099609375 0.3588867187500001 0.52099609375 0.3911132812500001 0.53125 0.3911132812500001
1 0.544921875 0.3417968750000001 0.53369140625 0.3417968750000001 0.53369140625 0.3642578125000001 0.544921875 0.3642578125000001
1 0.615234375 0.3564453125000001 0.60595703125 0.3564453125000001 0.60595703125 0.3833007812500001 0.615234375 0.3833007812500001
1 0.51123046875 0.3359375000000001 0.50341796875 0.3359375000000001 0.50341796875 0.3579101562500001 0.51123046875 0.3579101562500001
1 0.55419921875 0.3349609375000001 0.54833984375 0.3349609375000001 0.54833984375 0.3569335937500001 0.55419921875 0.3569335937500001
1 0.56494140625 0.3271484375000001 0.55859375 0.3271484375000001 0.55859375 0.3461914062500001 0.56494140625 0.3461914062500001
1 0.50439453125 0.3129882812500001 0.49853515625 0.3129882812500001 0.49853515625 0.3300781250000001 0.50439453125 0.3300781250000001
1 0.4755859375 0.2983398437500001 0.46826171875 0.2983398437500001 0.46826171875 0.3134765625000001 0.4755859375 0.3134765625000001
1 0.458984375 0.2939453125000001 0.45361328125 0.2939453125000001 0.45361328125 0.3076171875000001 0.458984375 0.3076171875000001
1 0.4736328125 0.3154296875000001 0.46533203125 0.3154296875000001 0.46533203125 0.3300781250000001 0.4736328125 0.3300781250000001
0 0.4287109375 0.3671875 0.39892578125 0.3671875 0.39892578125 0.39794921875 0.4287109375 0.39794921875
0 0.48583984375 0.3295898437500001 0.45361328125 0.3295898437500001 0.45361328125 0.3735351562500001 0.48583984375 0.3735351562500001
0 0.58740234375 0.3476562500000001 0.55615234375 0.3476562500000001 0.55615234375 0.3808593750000001 0.58740234375 0.3808593750000001
0 0.49853515625 0.2792968750000001 0.4765625 0.2792968750000001 0.4765625 0.3071289062500001 0.49853515625 0.3071289062500001
0 0.51806640625 0.3007812500000001 0.501953125 0.3007812500000001 0.501953125 0.3144531250000001 0.51806640625 0.3144531250000001
0 0.45263671875 0.28662109375 0.43701171875 0.28662109375 0.43701171875 0.2998046875 0.45263671875 0.2998046875