1 0.56298828125 0.3959960937500001 0.52392578125 0.3959960937500001 0.52392578125 0.4638671875000001 0.56298828125 0.4638671875000001
0 0.818359375 0.14453125000000008 0.6728515625 0.14453125000000006 0.6728515625 0.3183593750000001 0.818359375 0.3183593750000001
0 0.35107421875 0.14453125000000003 0.212890625 0.14453125 0.21289062500000003 0.33154296875 0.35107421875 0.33154296875
0 0.64990234375 0.50048828125 0.58447265625 0.50048828125 0.58447265625 0.60302734375 0.64990234375 0.60302734375
1 0.513671875 0.56005859375 0.4931640625000001 0.56005859375 0.4931640625000001 0.60302734375 0.513671875 0.60302734375
0 0.37255859375 0.3115234375 0.28173828125 0.3115234375 0.28173828125 0.41455078125 0.37255859375 0.41455078125
0 0.39160156250000006 0.3876953125 0.31884765625 0.3876953125 0.31884765625000006 0.4677734375 0.3916015625000001 0.4677734375
0 0.5791015625 0.5654296875 0.5361328125 0.5654296875 0.5361328125 0.60986328125 0.5791015625 0.60986328125
0 0.58837890625 0.6142578125 0.55419921875 0.6142578125 0.55419921875 0.64306640625 0.58837890625 0.64306640625
0 0.4384765625000001 0.59765625 0.4106445312500001 0.59765625 0.4106445312500001 0.62890625 0.4384765625000001 0.62890625
0 0.5771484375 0.65283203125 0.552734375 0.65283203125 0.552734375 0.6767578125 0.5771484375 0.6767578125
0 0.4916992187500001 0.63720703125 0.4521484375000001 0.63720703125 0.4521484375000001 0.67724609375 0.4916992187500001 0.67724609375
0 0.5322265625 0.67578125 0.513671875 0.67578125 0.513671875 0.6904296875 0.5322265625 0.6904296875
1 0.525390625 0.646484375 0.5146484375 0.646484375 0.5146484375 0.669921875 0.525390625 0.669921875
1 0.54248046875 0.66650390625 0.53515625 0.66650390625 0.53515625 0.6845703125 0.54248046875 0.6845703125
1 0.59521484375 0.64697265625 0.587890625 0.64697265625 0.587890625 0.66845703125 0.59521484375 0.66845703125
1 0.50341796875 0.66357421875 0.4975585937500001 0.66357421875 0.4975585937500001 0.68212890625 0.50341796875 0.68212890625
1 0.5322265625 0.59765625 0.52294921875 0.59765625 0.52294921875 0.62548828125 0.5322265625 0.62548828125
1 0.50390625 0.60595703125 0.4931640625000001 0.60595703125 0.4931640625000001 0.6318359375 0.50390625 0.6318359375