1 0.8115234375 0.2529296875000001 0.71435546875 0.2529296875000001 0.71435546875 0.3149414062500001 0.8115234375 0.3149414062500001
1 0.48486328125 0.39062500000000006 0.451171875 0.390625 0.451171875 0.44433593750000006 0.48486328125 0.4443359375000001
0 0.36962890625 0.2900390625 0.24316406250000006 0.2900390625 0.24316406250000006 0.37353515625 0.36962890625 0.37353515625
0 0.72705078125 0.4116210937500001 0.669921875 0.4116210937500001 0.669921875 0.4663085937500001 0.72705078125 0.4663085937500001
0 0.58203125 0.51318359375 0.537109375 0.51318359375 0.537109375 0.5419921875 0.58203125 0.5419921875
1 0.65087890625 0.50146484375 0.6376953125 0.50146484375 0.6376953125 0.53125 0.65087890625 0.53125
1 0.58203125 0.4555664062500001 0.56640625 0.4555664062500001 0.56640625 0.4990234375000001 0.58203125 0.4990234375000001
1 0.70654296875 0.54736328125 0.6943359375 0.54736328125 0.6943359375 0.5712890625 0.70654296875 0.5712890625
1 0.4531250000000001 0.45703125 0.4340820312500001 0.45703125 0.4340820312500001 0.49853515625 0.4531250000000001 0.49853515625
1 0.5966796875 0.57666015625 0.5869140625 0.57666015625 0.5869140625 0.595703125 0.5966796875 0.595703125
1 0.6357421875 0.58349609375 0.62890625 0.58349609375 0.62890625 0.59912109375 0.6357421875 0.59912109375
0 0.66552734375 0.5771484375 0.64306640625 0.5771484375 0.64306640625 0.595703125 0.66552734375 0.595703125
0 0.7392578125 0.578125 0.7177734375 0.578125 0.7177734375 0.59521484375 0.7392578125 0.59521484375
1 0.61328125 0.5888671875 0.60498046875 0.5888671875 0.60498046875 0.60498046875 0.61328125 0.60498046875
1 0.4340820312500001 0.47607421875 0.4184570312500001 0.47607421875 0.4184570312500001 0.5146484375 0.4340820312500001 0.5146484375
0 0.7265625 0.4584960937500001 0.68115234375 0.4584960937500001 0.68115234375 0.5048828125 0.7265625 0.5048828125
0 0.728515625 0.4936523437500001 0.68798828125 0.4936523437500001 0.68798828125 0.52001953125 0.728515625 0.52001953125
1 0.58935546875 0.4829101562500001 0.57421875 0.4829101562500001 0.57421875 0.51708984375 0.58935546875 0.51708984375
1 0.55810546875 0.5380859375 0.544921875 0.5380859375 0.544921875 0.564453125 0.55810546875 0.564453125
0 0.65673828125 0.59326171875 0.63427734375 0.59326171875 0.63427734375 0.6103515625 0.65673828125 0.6103515625
1 0.68359375 0.59130859375 0.67626953125 0.59130859375 0.67626953125 0.60595703125 0.68359375 0.60595703125
1 0.64208984375 0.60986328125 0.63623046875 0.60986328125 0.63623046875 0.62158203125 0.64208984375 0.62158203125
0 0.666015625 0.6005859375 0.6484375 0.6005859375 0.6484375 0.615234375 0.666015625 0.615234375