1 0.2187500000000001 0.69482421875 0.1835937500000001 0.69482421875 0.1835937500000001 0.75341796875 0.2187500000000001 0.75341796875
0 0.6767578125000001 0.8154296875 0.57861328125 0.8154296875 0.5786132812500001 0.96435546875 0.6767578125000002 0.96435546875
0 0.673828125 0.7109375 0.591796875 0.7109375 0.591796875 0.8056640625 0.673828125 0.8056640625
0 0.4609375000000001 0.669921875 0.19824218750000006 0.669921875 0.19824218750000008 0.98046875 0.4609375000000001 0.98046875
0 0.66162109375 0.58056640625 0.61865234375 0.58056640625 0.61865234375 0.62548828125 0.66162109375 0.62548828125
0 0.4160156250000001 0.5517578125 0.3579101562500001 0.5517578125 0.3579101562500001 0.59423828125 0.4160156250000001 0.59423828125
1 0.548828125 0.513671875 0.53466796875 0.513671875 0.53466796875 0.5419921875 0.548828125 0.5419921875
1 0.4897460937500001 0.4833984375000001 0.4785156250000001 0.4833984375000001 0.4785156250000001 0.5087890625 0.4897460937500001 0.5087890625
1 0.6044921875 0.4892578125000001 0.59423828125 0.4892578125000001 0.59423828125 0.51416015625 0.6044921875 0.51416015625
1 0.57373046875 0.4741210937500001 0.56689453125 0.4741210937500001 0.56689453125 0.4916992187500001 0.57373046875 0.4916992187500001
1 0.59130859375 0.4711914062500001 0.583984375 0.4711914062500001 0.583984375 0.4902343750000001 0.59130859375 0.4902343750000001
1 0.61328125 0.4731445312500001 0.6044921875 0.4731445312500001 0.6044921875 0.4892578125000001 0.61328125 0.4892578125000001
1 0.5087890625 0.4643554687500001 0.50048828125 0.4643554687500001 0.50048828125 0.4833984375000001 0.5087890625 0.4833984375000001
1 0.5576171875 0.4692382812500001 0.54931640625 0.4692382812500001 0.54931640625 0.4868164062500001 0.5576171875 0.4868164062500001