1 0.68994140625 0.66552734375 0.6513671875 0.66552734375 0.6513671875 0.7666015625 0.68994140625 0.7666015625
1 0.6064453125 0.58740234375 0.5732421875 0.58740234375 0.5732421875 0.673828125 0.6064453125 0.673828125
1 0.744140625 0.5517578125 0.70947265625 0.5517578125 0.70947265625 0.62646484375 0.744140625 0.62646484375
1 0.57080078125 0.4565429687500001 0.54736328125 0.4565429687500001 0.54736328125 0.509765625 0.57080078125 0.509765625
0 0.3671875000000001 0.673828125 0.23974609375000006 0.673828125 0.23974609375000008 0.8466796875 0.3671875000000001 0.8466796875
0 0.3935546875000001 0.5908203125 0.3129882812500001 0.5908203125 0.3129882812500001 0.68798828125 0.3935546875000001 0.68798828125
0 0.4082031250000001 0.53515625 0.3447265625000001 0.53515625 0.3447265625000001 0.615234375 0.4082031250000001 0.615234375
0 0.6181640625 0.4213867187500001 0.5732421875 0.4213867187500001 0.5732421875 0.4750976562500001 0.6181640625 0.4750976562500001
0 0.45703125 0.37060546875000006 0.42822265625 0.37060546875 0.42822265625 0.40576171875000006 0.45703125 0.4057617187500001
0 0.60009765625 0.3359375000000001 0.56787109375 0.3359375000000001 0.56787109375 0.3930664062500001 0.60009765625 0.3930664062500001
0 0.5576171875 0.3383789062500001 0.53125 0.3383789062500001 0.53125 0.3681640625000001 0.5576171875 0.3681640625000001
0 0.46240234375 0.35302734375000006 0.43310546875 0.35302734375 0.43310546875 0.37988281250000006 0.46240234375 0.3798828125000001
0 0.4677734375 0.34082031250000006 0.4404296875 0.3408203125 0.4404296875 0.36523437500000006 0.4677734375 0.3652343750000001
0 0.49267578125 0.3203125000000001 0.45556640625 0.3203125000000001 0.45556640625 0.3544921875000001 0.49267578125 0.3544921875000001
0 0.57373046875 0.3237304687500001 0.55322265625 0.3237304687500001 0.55322265625 0.3457031250000001 0.57373046875 0.3457031250000001
0 0.57421875 0.3056640625000001 0.55419921875 0.3056640625000001 0.55419921875 0.3232421875000001 0.57421875 0.3232421875000001
0 0.54345703125 0.2954101562500001 0.52734375 0.2954101562500001 0.52734375 0.3095703125000001 0.54345703125 0.3095703125000001
0 0.51806640625 0.2968750000000001 0.50341796875 0.2968750000000001 0.50341796875 0.3110351562500001 0.51806640625 0.3110351562500001
0 0.4814453125 0.2905273437500001 0.46484375 0.2905273437500001 0.46484375 0.3037109375000001 0.4814453125 0.3037109375000001
0 0.5146484375 0.2670898437500001 0.4970703125 0.2670898437500001 0.4970703125 0.2880859375000001 0.5146484375 0.2880859375000001
0 0.53173828125 0.2812500000000001 0.52099609375 0.2812500000000001 0.52099609375 0.2924804687500001 0.53173828125 0.2924804687500001
0 0.525390625 0.2666015625000001 0.51708984375 0.2666015625000001 0.51708984375 0.2739257812500001 0.525390625 0.2739257812500001
0 0.48388671875 0.2700195312500001 0.47265625 0.2700195312500001 0.47265625 0.2827148437500001 0.48388671875 0.2827148437500001
1 0.49072265625 0.2841796875000001 0.48583984375 0.2841796875000001 0.48583984375 0.2963867187500001 0.49072265625 0.2963867187500001
1 0.49658203125 0.2695312500000001 0.49169921875 0.2695312500000001 0.49169921875 0.2807617187500001 0.49658203125 0.2807617187500001
1 0.50341796875 0.2890625000000001 0.498046875 0.2890625000000001 0.498046875 0.3037109375000001 0.50341796875 0.3037109375000001
1 0.52001953125 0.2871093750000001 0.5126953125 0.2871093750000001 0.5126953125 0.2993164062500001 0.52001953125 0.2993164062500001
1 0.54150390625 0.2832031250000001 0.53564453125 0.2832031250000001 0.53564453125 0.2939453125000001 0.54150390625 0.2939453125000001
1 0.55810546875 0.2973632812500001 0.55078125 0.2973632812500001 0.55078125 0.3095703125000001 0.55810546875 0.3095703125000001
1 0.51806640625 0.3134765625000001 0.51025390625 0.3134765625000001 0.51025390625 0.3305664062500001 0.51806640625 0.3305664062500001
1 0.51708984375 0.3339843750000001 0.5078125 0.3339843750000001 0.5078125 0.3540039062500001 0.51708984375 0.3540039062500001
1 0.51416015625 0.3520507812500001 0.5048828125 0.3520507812500001 0.5048828125 0.3798828125000001 0.51416015625 0.3798828125000001
1 0.5302734375 0.3334960937500001 0.51953125 0.3334960937500001 0.51953125 0.3549804687500001 0.5302734375 0.3549804687500001
1 0.52978515625 0.3833007812500001 0.51806640625 0.3833007812500001 0.51806640625 0.4145507812500001 0.52978515625 0.4145507812500001
1 0.61279296875 0.3437500000000001 0.603515625 0.3437500000000001 0.603515625 0.3686523437500001 0.61279296875 0.3686523437500001
1 0.587890625 0.3085937500000001 0.58154296875 0.3085937500000001 0.58154296875 0.3256835937500001 0.587890625 0.3256835937500001
1 0.56591796875 0.2954101562500001 0.55908203125 0.2954101562500001 0.55908203125 0.3041992187500001 0.56591796875 0.3041992187500001
1 0.5625 0.2900390625000001 0.55615234375 0.2900390625000001 0.55615234375 0.3022460937500001 0.5625 0.3022460937500001
1 0.552734375 0.2900390625000001 0.5478515625 0.2900390625000001 0.5478515625 0.2988281250000001 0.552734375 0.2988281250000001
1 0.55517578125 0.2812500000000001 0.55029296875 0.2812500000000001 0.55029296875 0.2924804687500001 0.55517578125 0.2924804687500001
1 0.54736328125 0.2788085937500001 0.54296875 0.2788085937500001 0.54296875 0.2915039062500001 0.54736328125 0.2915039062500001