1 0.505859375 0.4819335937500001 0.4819335937500001 0.4819335937500001 0.4819335937500001 0.53662109375 0.505859375 0.53662109375
0 0.4545898437500001 0.45556640625000006 0.3842773437500001 0.45556640625 0.3842773437500001 0.533203125 0.4545898437500001 0.533203125
1 0.4809570312500001 0.53125 0.4624023437500001 0.53125 0.4624023437500001 0.56982421875 0.4809570312500001 0.56982421875
1 0.3437500000000001 0.53515625 0.3208007812500001 0.53515625 0.3208007812500001 0.57470703125 0.3437500000000001 0.57470703125
1 0.513671875 0.5576171875 0.4980468750000001 0.5576171875 0.4980468750000001 0.59619140625 0.513671875 0.59619140625
0 0.4262695312500001 0.5576171875 0.3818359375000001 0.5576171875 0.3818359375000001 0.60595703125 0.4262695312500001 0.60595703125
1 0.4829101562500001 0.62109375 0.4687500000000001 0.62109375 0.4687500000000001 0.64892578125 0.4829101562500001 0.64892578125
0 0.80078125 0.15527343750000008 0.6474609375 0.15527343750000006 0.6474609375 0.3271484375000001 0.80078125 0.3271484375000001
0 0.34863281250000006 0.28759765625 0.20556640625000006 0.28759765625 0.20556640625000006 0.4873046875 0.3486328125000001 0.4873046875
1 0.4667968750000001 0.64501953125 0.4584960937500001 0.64501953125 0.4584960937500001 0.66650390625 0.4667968750000001 0.66650390625
1 0.50146484375 0.6484375 0.4941406250000001 0.6484375 0.4941406250000001 0.66943359375 0.50146484375 0.66943359375
0 0.54931640625 0.62939453125 0.51611328125 0.62939453125 0.51611328125 0.6728515625 0.54931640625 0.6728515625
0 0.6005859375 0.60302734375 0.5712890625 0.60302734375 0.5712890625 0.63134765625 0.6005859375 0.63134765625
0 0.4477539062500001 0.62939453125 0.4189453125000001 0.62939453125 0.4189453125000001 0.66064453125 0.4477539062500001 0.66064453125
1 0.4038085937500001 0.62548828125 0.3935546875000001 0.62548828125 0.3935546875000001 0.65087890625 0.4038085937500001 0.65087890625
1 0.4555664062500001 0.6513671875 0.4487304687500001 0.6513671875 0.4487304687500001 0.671875 0.4555664062500001 0.671875
1 0.4458007812500001 0.66064453125 0.4399414062500001 0.66064453125 0.4399414062500001 0.68017578125 0.4458007812500001 0.68017578125
1 0.533203125 0.67333984375 0.525390625 0.67333984375 0.525390625 0.6884765625 0.533203125 0.6884765625
1 0.50439453125 0.67529296875 0.4985351562500001 0.67529296875 0.4985351562500001 0.69189453125 0.50439453125 0.69189453125
0 0.4907226562500001 0.66455078125 0.4697265625000001 0.66455078125 0.4697265625000001 0.68310546875 0.4907226562500001 0.68310546875
1 0.5458984375 0.6943359375 0.54052734375 0.6943359375 0.54052734375 0.7080078125 0.5458984375 0.7080078125
1 0.53173828125 0.69091796875 0.52587890625 0.69091796875 0.52587890625 0.7041015625 0.53173828125 0.7041015625