0 0.7382812500000001 0.72265625 0.57861328125 0.72265625 0.5786132812500001 0.9638671875 0.7382812500000002 0.9638671875
1 0.2221679687500001 0.736328125 0.1816406250000001 0.736328125 0.1816406250000001 0.86474609375 0.2221679687500001 0.86474609375
0 0.2558593750000001 0.48486328125 0.11718750000000006 0.48486328125 0.11718750000000007 0.61181640625 0.2558593750000001 0.61181640625
1 0.40820312500000006 0.41845703125 0.3828125 0.41845703125 0.38281250000000006 0.47705078125 0.4082031250000001 0.47705078125
1 0.49072265625 0.3969726562500001 0.4677734375 0.3969726562500001 0.4677734375 0.4462890625000001 0.49072265625 0.4462890625000001
0 0.3681640625 0.35107421875 0.31005859375 0.35107421875 0.31005859375 0.42236328125 0.3681640625 0.42236328125
0 0.25878906250000006 0.38232421875 0.18164062500000006 0.38232421875 0.18164062500000006 0.45947265625 0.2587890625000001 0.45947265625
1 0.4716796875 0.3242187500000001 0.45458984375 0.3242187500000001 0.45458984375 0.3681640625000001 0.4716796875 0.3681640625000001
0 0.703125 0.58740234375 0.5673828125 0.58740234375 0.5673828125 0.748046875 0.703125 0.748046875
0 0.64453125 0.50048828125 0.552734375 0.50048828125 0.552734375 0.599609375 0.64453125 0.599609375
0 0.60498046875 0.4531250000000001 0.53271484375 0.4531250000000001 0.53271484375 0.5322265625 0.60498046875 0.5322265625
1 0.2568359375 0.33740234375 0.24121093750000006 0.33740234375 0.24121093750000006 0.3759765625 0.2568359375 0.3759765625
1 0.271484375 0.30029296875 0.25244140625 0.30029296875 0.25244140625 0.33203125 0.271484375 0.33203125
1 0.46435546875 0.29052734375000006 0.453125 0.29052734375 0.453125 0.31982421875000006 0.46435546875 0.3198242187500001
1 0.42578125 0.2744140625 0.4150390625 0.2744140625 0.4150390625 0.30126953125 0.42578125 0.30126953125
1 0.44775390625 0.2587890625 0.4365234375 0.2587890625 0.4365234375 0.28173828125 0.44775390625 0.28173828125
1 0.46240234375 0.24169921875000006 0.45166015625 0.24169921875000006 0.45166015625 0.26025390625000006 0.46240234375 0.2602539062500001
1 0.359375 0.22705078125000006 0.34521484375 0.22705078125000006 0.34521484375 0.24316406250000006 0.359375 0.24316406250000006
0 0.3388671875 0.2890625 0.28955078125 0.2890625 0.28955078125 0.32861328125 0.3388671875 0.32861328125
0 0.39404296875 0.28125 0.3583984375 0.28125 0.3583984375 0.32666015625 0.39404296875 0.32666015625
0 0.431640625 0.3056640625 0.388671875 0.3056640625 0.388671875 0.35302734375 0.431640625 0.35302734375
0 0.24169921875000006 0.29150390625 0.14453125000000006 0.29150390625 0.14453125000000006 0.33447265625 0.24169921875000006 0.33447265625
0 0.5107421875 0.2871093750000001 0.4794921875 0.2871093750000001 0.4794921875 0.3193359375000001 0.5107421875 0.3193359375000001