0 0.67919921875 0.70458984375 0.60302734375 0.70458984375 0.60302734375 0.80517578125 0.67919921875 0.80517578125
1 0.755859375 0.701171875 0.6962890625 0.701171875 0.6962890625 0.73876953125 0.755859375 0.73876953125
0 0.6816406250000001 0.80712890625 0.58251953125 0.80712890625 0.5825195312500001 0.96923828125 0.6816406250000002 0.96923828125
0 0.4233398437500001 0.73828125 0.1406250000000001 0.73828125 0.1406250000000001 1 0.4233398437500001 1
1 0.1289062500000001 0.76025390625 0.07958984375000008 0.76025390625 0.0795898437500001 0.83349609375 0.1289062500000001 0.83349609375
1 0.54638671875 0.521484375 0.53173828125 0.521484375 0.53173828125 0.54833984375 0.54638671875 0.54833984375
1 0.4848632812500001 0.4902343750000001 0.4741210937500001 0.4902343750000001 0.4741210937500001 0.513671875 0.4848632812500001 0.513671875
1 0.51123046875 0.4638671875000001 0.4980468750000001 0.4638671875000001 0.4980468750000001 0.4853515625000001 0.51123046875 0.4853515625000001
1 0.5205078125 0.4536132812500001 0.5107421875 0.4536132812500001 0.5107421875 0.4702148437500001 0.5205078125 0.4702148437500001
1 0.53173828125 0.4545898437500001 0.5234375 0.4545898437500001 0.5234375 0.4741210937500001 0.53173828125 0.4741210937500001
1 0.56005859375 0.4731445312500001 0.55029296875 0.4731445312500001 0.55029296875 0.4907226562500001 0.56005859375 0.4907226562500001
1 0.58056640625 0.4746093750000001 0.5712890625 0.4746093750000001 0.5712890625 0.4970703125000001 0.58056640625 0.4970703125000001
1 0.6123046875 0.4936523437500001 0.60009765625 0.4936523437500001 0.60009765625 0.51806640625 0.6123046875 0.51806640625
1 0.62158203125 0.4736328125000001 0.61083984375 0.4736328125000001 0.61083984375 0.4921875000000001 0.62158203125 0.4921875000000001
1 0.599609375 0.4731445312500001 0.58837890625 0.4731445312500001 0.58837890625 0.4926757812500001 0.599609375 0.4926757812500001
0 0.3984375000000001 0.57373046875 0.3334960937500001 0.57373046875 0.3334960937500001 0.62158203125 0.3984375000000001 0.62158203125
0 0.67041015625 0.58251953125 0.625 0.58251953125 0.625 0.62158203125 0.67041015625 0.62158203125
0 0.662109375 0.54638671875 0.6259765625 0.54638671875 0.6259765625 0.5791015625 0.662109375 0.5791015625
0 0.66064453125 0.53076171875 0.62548828125 0.53076171875 0.62548828125 0.55615234375 0.66064453125 0.55615234375
0 0.62451171875 0.4394531250000001 0.595703125 0.4394531250000001 0.595703125 0.4760742187500001 0.62451171875 0.4760742187500001
0 0.6513671875 0.4536132812500001 0.6376953125 0.4536132812500001 0.6376953125 0.4707031250000001 0.6513671875 0.4707031250000001
0 0.564453125 0.4541015625000001 0.5458984375 0.4541015625000001 0.5458984375 0.4707031250000001 0.564453125 0.4707031250000001
0 0.583984375 0.4458007812500001 0.5654296875 0.4458007812500001 0.5654296875 0.4584960937500001 0.583984375 0.4584960937500001