1 0.5341796875 0.3222656250000001 0.5107421875 0.3222656250000001 0.5107421875 0.3696289062500001 0.5341796875 0.3696289062500001
1 0.4501953125 0.12158203125000006 0.41455078125 0.12158203125000006 0.41455078125 0.22070312500000006 0.4501953125 0.22070312500000006
0 0.3759765625 0.20654296875000006 0.294921875 0.20654296875000006 0.294921875 0.3017578125 0.3759765625 0.3017578125
0 0.39404296875 0.04785156250000004 0.29150390625 0.04785156250000004 0.29150390625 0.19726562500000006 0.39404296875 0.19726562500000006
0 0.353515625 0.38916015625 0.310546875 0.38916015625 0.310546875 0.4326171875 0.353515625 0.4326171875
0 0.35400390625000006 0.4326171875 0.31787109375 0.4326171875 0.31787109375000006 0.46630859375 0.3540039062500001 0.46630859375
0 0.35351562500000006 0.45263671875 0.32177734375 0.45263671875 0.32177734375000006 0.48291015625 0.3535156250000001 0.48291015625
0 0.4047851562500001 0.5087890625 0.3637695312500001 0.5087890625 0.3637695312500001 0.55859375 0.4047851562500001 0.55859375
0 0.3466796875000001 0.53955078125 0.3271484375000001 0.53955078125 0.3271484375000001 0.560546875 0.3466796875000001 0.560546875
0 0.4565429687500001 0.515625 0.4331054687500001 0.515625 0.4331054687500001 0.537109375 0.4565429687500001 0.537109375
1 0.40283203125000006 0.43310546875 0.388671875 0.43310546875 0.38867187500000006 0.46630859375 0.4028320312500001 0.46630859375
1 0.3784179687500001 0.48681640625 0.3676757812500001 0.48681640625 0.3676757812500001 0.5107421875 0.3784179687500001 0.5107421875
1 0.4174804687500001 0.48291015625 0.4057617187500001 0.48291015625 0.4057617187500001 0.5107421875 0.4174804687500001 0.5107421875
1 0.4404296875000001 0.462890625 0.4282226562500001 0.462890625 0.4282226562500001 0.49169921875 0.4404296875000001 0.49169921875
1 0.4809570312500001 0.4648437500000001 0.4672851562500001 0.4648437500000001 0.4672851562500001 0.4921875000000001 0.4809570312500001 0.4921875000000001
1 0.54052734375 0.4721679687500001 0.5283203125 0.4721679687500001 0.5283203125 0.4951171875000001 0.54052734375 0.4951171875000001
1 0.62939453125 0.3920898437500001 0.60888671875 0.3920898437500001 0.60888671875 0.4291992187500001 0.62939453125 0.4291992187500001
1 0.4902343750000001 0.50634765625 0.4780273437500001 0.50634765625 0.4780273437500001 0.52783203125 0.4902343750000001 0.52783203125
1 0.509765625 0.50048828125 0.4990234375000001 0.50048828125 0.4990234375000001 0.5234375 0.509765625 0.5234375
1 0.4809570312500001 0.52880859375 0.4707031250000001 0.52880859375 0.4707031250000001 0.54638671875 0.4809570312500001 0.54638671875
0 0.4331054687500001 0.52978515625 0.4116210937500001 0.52978515625 0.4116210937500001 0.54931640625 0.4331054687500001 0.54931640625
1 0.4140625000000001 0.54052734375 0.4052734375000001 0.54052734375 0.4052734375000001 0.556640625 0.4140625000000001 0.556640625