0 0.35107421875 0.04687500000000003 0.14892578125 0.046875000000000014 0.14892578125000003 0.2587890625 0.35107421875 0.2587890625
0 0.8271484375 0.006835937500000092 0.6796875 0.006835937500000083 0.6796875 0.21093750000000008 0.8271484375 0.2109375000000001
0 0.73193359375 0.2944335937500001 0.63330078125 0.2944335937500001 0.63330078125 0.4194335937500001 0.73193359375 0.4194335937500001
0 0.7001953125 0.4252929687500001 0.62646484375 0.4252929687500001 0.62646484375 0.51025390625 0.7001953125 0.51025390625
1 0.56298828125 0.4609375000000001 0.54052734375 0.4609375000000001 0.54052734375 0.52685546875 0.56298828125 0.52685546875
0 0.52197265625 0.4677734375000001 0.4545898437500001 0.4677734375000001 0.4545898437500001 0.54345703125 0.52197265625 0.54345703125
0 0.40136718750000006 0.41455078125 0.302734375 0.41455078125 0.30273437500000006 0.5087890625 0.4013671875000001 0.5087890625
0 0.658203125 0.57958984375 0.61669921875 0.57958984375 0.61669921875 0.623046875 0.658203125 0.623046875
0 0.4790039062500001 0.59375 0.4248046875000001 0.59375 0.4248046875000001 0.6435546875 0.4790039062500001 0.6435546875
0 0.5 0.6513671875 0.4638671875000001 0.6513671875 0.4638671875000001 0.68896484375 0.5 0.68896484375
0 0.5244140625 0.69384765625 0.4956054687500001 0.69384765625 0.4956054687500001 0.71826171875 0.5244140625 0.71826171875
0 0.64306640625 0.61669921875 0.609375 0.61669921875 0.609375 0.650390625 0.64306640625 0.650390625
1 0.3686523437500001 0.5703125 0.3491210937500001 0.5703125 0.3491210937500001 0.61181640625 0.3686523437500001 0.61181640625
1 0.53466796875 0.63916015625 0.5224609375 0.63916015625 0.5224609375 0.6689453125 0.53466796875 0.6689453125
1 0.54833984375 0.68017578125 0.53857421875 0.68017578125 0.53857421875 0.70458984375 0.54833984375 0.70458984375
1 0.54052734375 0.7080078125 0.53271484375 0.7080078125 0.53271484375 0.7275390625 0.54052734375 0.7275390625
1 0.55810546875 0.73388671875 0.55224609375 0.73388671875 0.55224609375 0.75 0.55810546875 0.75
1 0.755859375 0.4799804687500001 0.7021484375 0.4799804687500001 0.7021484375 0.52197265625 0.755859375 0.52197265625