0 0.42822265625 0.28759765625 0.31689453125 0.28759765625 0.31689453125 0.42431640625 0.42822265625 0.42431640625
1 0.49902343750000006 0.3935546875000001 0.4716796875 0.3935546875000001 0.47167968750000006 0.4604492187500001 0.4990234375000001 0.4604492187500001
1 0.46093750000000006 0.44384765625000006 0.43701171875 0.44384765625 0.43701171875000006 0.50048828125 0.4609375000000001 0.50048828125
1 0.513671875 0.4965820312500001 0.4863281250000001 0.4965820312500001 0.4863281250000001 0.54638671875 0.513671875 0.54638671875
0 0.4082031250000001 0.4873046875 0.3364257812500001 0.4873046875 0.3364257812500001 0.556640625 0.4082031250000001 0.556640625
0 0.80078125 0.14892578125000008 0.6552734375 0.14892578125000006 0.6552734375 0.3310546875000001 0.80078125 0.3310546875000001
0 0.7294921875 0.3076171875000001 0.642578125 0.3076171875000001 0.642578125 0.4116210937500001 0.7294921875 0.4116210937500001
0 0.6962890625 0.3823242187500001 0.62646484375 0.3823242187500001 0.62646484375 0.4692382812500001 0.6962890625 0.4692382812500001
1 0.2905273437500001 0.46630859375 0.2714843750000001 0.46630859375 0.2714843750000001 0.52001953125 0.2905273437500001 0.52001953125
1 0.4829101562500001 0.5947265625 0.4648437500000001 0.5947265625 0.4648437500000001 0.62744140625 0.4829101562500001 0.62744140625
1 0.3867187500000001 0.6064453125 0.3759765625000001 0.6064453125 0.3759765625000001 0.63525390625 0.3867187500000001 0.63525390625
1 0.4687500000000001 0.6240234375 0.4575195312500001 0.6240234375 0.4575195312500001 0.6474609375 0.4687500000000001 0.6474609375
1 0.4560546875000001 0.6318359375 0.4487304687500001 0.6318359375 0.4487304687500001 0.6552734375 0.4560546875000001 0.6552734375
1 0.4423828125000001 0.6435546875 0.4335937500000001 0.6435546875 0.4335937500000001 0.66162109375 0.4423828125000001 0.66162109375
1 0.4946289062500001 0.63623046875 0.4877929687500001 0.63623046875 0.4877929687500001 0.65576171875 0.4946289062500001 0.65576171875
1 0.53369140625 0.68212890625 0.5283203125 0.68212890625 0.5283203125 0.69775390625 0.53369140625 0.69775390625
1 0.50341796875 0.6630859375 0.4951171875000001 0.6630859375 0.4951171875000001 0.681640625 0.50341796875 0.681640625
1 0.4794921875000001 0.67626953125 0.4765625000000001 0.67626953125 0.4765625000000001 0.69287109375 0.4794921875000001 0.69287109375
1 0.4682617187500001 0.6669921875 0.4599609375000001 0.6669921875 0.4599609375000001 0.681640625 0.4682617187500001 0.681640625
1 0.4375000000000001 0.6591796875 0.4282226562500001 0.6591796875 0.4282226562500001 0.6748046875 0.4375000000000001 0.6748046875
1 0.4628906250000001 0.68359375 0.4570312500000001 0.68359375 0.4570312500000001 0.6962890625 0.4628906250000001 0.6962890625
1 0.4677734375000001 0.69921875 0.4599609375000001 0.69921875 0.4599609375000001 0.7099609375 0.4677734375000001 0.7099609375
1 0.55126953125 0.68994140625 0.544921875 0.68994140625 0.544921875 0.7021484375 0.55126953125 0.7021484375
1 0.544921875 0.70849609375 0.5400390625 0.70849609375 0.5400390625 0.7197265625 0.544921875 0.7197265625
0 0.5263671875 0.6884765625 0.50341796875 0.6884765625 0.50341796875 0.7177734375 0.5263671875 0.7177734375
0 0.50390625 0.705078125 0.4907226562500001 0.705078125 0.4907226562500001 0.71875 0.50390625 0.71875
0 0.5 0.67822265625 0.4824218750000001 0.67822265625 0.4824218750000001 0.69580078125 0.5 0.69580078125
0 0.4882812500000001 0.65283203125 0.4677734375000001 0.65283203125 0.4677734375000001 0.67529296875 0.4882812500000001 0.67529296875
0 0.60498046875 0.6044921875 0.5732421875 0.6044921875 0.5732421875 0.63037109375 0.60498046875 0.63037109375
0 0.59375 0.62646484375 0.56982421875 0.62646484375 0.56982421875 0.64990234375 0.59375 0.64990234375
0 0.58740234375 0.63623046875 0.56298828125 0.63623046875 0.56298828125 0.66162109375 0.58740234375 0.66162109375
1 0.537109375 0.66796875 0.5302734375 0.66796875 0.5302734375 0.67822265625 0.537109375 0.67822265625
0 0.5458984375 0.61962890625 0.513671875 0.61962890625 0.513671875 0.66796875 0.5458984375 0.66796875
0 0.51953125 0.65087890625 0.4980468750000001 0.65087890625 0.4980468750000001 0.67138671875 0.51953125 0.67138671875
0 0.4414062500000001 0.60498046875 0.4047851562500001 0.60498046875 0.4047851562500001 0.642578125 0.4414062500000001 0.642578125