0 0.4462890625000001 0.4765625 0.3818359375000001 0.4765625 0.3818359375000001 0.5654296875 0.4462890625000001 0.5654296875
1 0.50048828125 0.4765625000000001 0.4809570312500001 0.4765625000000001 0.4809570312500001 0.5322265625 0.50048828125 0.5322265625
1 0.51708984375 0.4121093750000001 0.49267578125 0.4121093750000001 0.49267578125000006 0.4541015625000001 0.51708984375 0.4541015625000001
1 0.47607421875000006 0.4399414062500001 0.45556640625 0.4399414062500001 0.45556640625000006 0.4863281250000001 0.4760742187500001 0.4863281250000001
0 0.42285156250000006 0.40380859375 0.37109375 0.40380859375 0.37109375000000006 0.45703125 0.4228515625000001 0.45703125
1 0.33203125000000006 0.43359375 0.30908203125 0.43359375 0.30908203125000006 0.4755859375 0.3320312500000001 0.4755859375
0 0.79833984375 0.66455078125 0.66064453125 0.66455078125 0.66064453125 0.85205078125 0.79833984375 0.85205078125
0 0.3247070312500001 0.55078125 0.16650390625000006 0.55078125 0.16650390625000008 0.77734375 0.3247070312500001 0.77734375
0 0.72705078125 0.5869140625 0.64501953125 0.5869140625 0.64501953125 0.681640625 0.72705078125 0.681640625
0 0.68701171875 0.52978515625 0.62109375 0.52978515625 0.62109375 0.60400390625 0.68701171875 0.60400390625
0 0.60009765625 0.3676757812500001 0.5712890625 0.3676757812500001 0.5712890625 0.3950195312500001 0.60009765625 0.3950195312500001
0 0.546875 0.3271484375000001 0.51318359375 0.3271484375000001 0.51318359375 0.3710937500000001 0.546875 0.3710937500000001
0 0.59375 0.3496093750000001 0.5654296875 0.3496093750000001 0.5654296875 0.3745117187500001 0.59375 0.3745117187500001
0 0.58642578125 0.3364257812500001 0.5595703125 0.3364257812500001 0.5595703125 0.3642578125000001 0.58642578125 0.3642578125000001
0 0.52490234375 0.2763671875000001 0.5009765625 0.2763671875000001 0.5009765625 0.3066406250000001 0.52490234375 0.3066406250000001
0 0.49951171875 0.2968750000000001 0.482421875 0.2968750000000001 0.482421875 0.3120117187500001 0.49951171875 0.3120117187500001
0 0.4873046875 0.3183593750000001 0.46630859375 0.3183593750000001 0.46630859375 0.3369140625000001 0.4873046875 0.3369140625000001
0 0.44384765625 0.3427734375 0.4140625 0.3427734375 0.4140625 0.37548828125 0.44384765625 0.37548828125
1 0.48046875 0.3530273437500001 0.46533203125 0.3530273437500001 0.46533203125 0.3823242187500001 0.48046875 0.3823242187500001
1 0.39892578125 0.35302734375 0.3876953125 0.35302734375 0.3876953125 0.37744140625 0.39892578125 0.37744140625
1 0.443359375 0.32470703125 0.43701171875 0.32470703125 0.43701171875 0.33984375 0.443359375 0.33984375
1 0.46630859375 0.3359375000000001 0.4560546875 0.3359375000000001 0.4560546875 0.3579101562500001 0.46630859375 0.3579101562500001
1 0.45458984375 0.33203125000000006 0.44580078125 0.33203125 0.44580078125 0.35058593750000006 0.45458984375 0.3505859375000001
1 0.4990234375 0.3325195312500001 0.4892578125 0.3325195312500001 0.4892578125 0.3520507812500001 0.4990234375 0.3520507812500001
1 0.5048828125 0.3100585937500001 0.49462890625 0.3100585937500001 0.49462890625 0.3242187500000001 0.5048828125 0.3242187500000001
1 0.5341796875 0.3125000000000001 0.5244140625 0.3125000000000001 0.5244140625 0.3256835937500001 0.5341796875 0.3256835937500001
1 0.53076171875 0.2968750000000001 0.5244140625 0.2968750000000001 0.5244140625 0.3095703125000001 0.53076171875 0.3095703125000001
1 0.544921875 0.2919921875000001 0.54052734375 0.2919921875000001 0.54052734375 0.3056640625000001 0.544921875 0.3056640625000001
1 0.54248046875 0.2758789062500001 0.53662109375 0.2758789062500001 0.53662109375 0.2895507812500001 0.54248046875 0.2895507812500001
1 0.46923828125 0.3017578125000001 0.458984375 0.3017578125000001 0.458984375 0.3173828125000001 0.46923828125 0.3173828125000001
1 0.4775390625 0.2993164062500001 0.47216796875 0.2993164062500001 0.47216796875 0.3144531250000001 0.4775390625 0.3144531250000001
1 0.46826171875 0.2832031250000001 0.46044921875 0.2832031250000001 0.46044921875 0.2958984375000001 0.46826171875 0.2958984375000001
1 0.4658203125 0.2939453125000001 0.45751953125 0.2939453125000001 0.45751953125 0.3046875000000001 0.4658203125 0.3046875000000001
1 0.4423828125 0.3134765625 0.43408203125 0.3134765625 0.43408203125 0.32763671875 0.4423828125 0.32763671875