1 0.64599609375 0.3271484375000001 0.61181640625 0.3271484375000001 0.61181640625 0.4057617187500001 0.64599609375 0.4057617187500001
0 0.669921875 0.4145507812500001 0.591796875 0.4145507812500001 0.591796875 0.4936523437500001 0.669921875 0.4936523437500001
1 0.52978515625 0.51904296875 0.5126953125 0.51904296875 0.5126953125 0.5615234375 0.52978515625 0.5615234375
1 0.85107421875 0.1884765625000001 0.796875 0.1884765625000001 0.796875 0.2988281250000001 0.85107421875 0.2988281250000001
0 0.35888671875 0.15380859375000003 0.22021484375 0.15380859375 0.22021484375000003 0.32763671875 0.35888671875 0.32763671875
1 0.50732421875 0.59716796875 0.4965820312500001 0.59716796875 0.4965820312500001 0.62646484375 0.50732421875 0.62646484375
1 0.5068359375 0.62841796875 0.4970703125000001 0.62841796875 0.4970703125000001 0.65087890625 0.5068359375 0.65087890625
1 0.51318359375 0.6572265625 0.5048828125 0.6572265625 0.5048828125 0.6796875 0.51318359375 0.6796875
1 0.5869140625 0.662109375 0.57861328125 0.662109375 0.57861328125 0.6806640625 0.5869140625 0.6806640625
1 0.544921875 0.67822265625 0.53857421875 0.67822265625 0.53857421875 0.69384765625 0.544921875 0.69384765625
1 0.4775390625000001 0.70068359375 0.4711914062500001 0.70068359375 0.4711914062500001 0.71337890625 0.4775390625000001 0.71337890625
1 0.4902343750000001 0.6904296875 0.4843750000000001 0.6904296875 0.4843750000000001 0.70361328125 0.4902343750000001 0.70361328125
1 0.50732421875 0.693359375 0.50244140625 0.693359375 0.50244140625 0.70751953125 0.50732421875 0.70751953125
1 0.52880859375 0.6982421875 0.52099609375 0.6982421875 0.52099609375 0.71044921875 0.52880859375 0.71044921875
1 0.54443359375 0.701171875 0.53857421875 0.701171875 0.53857421875 0.712890625 0.54443359375 0.712890625
0 0.53271484375 0.68212890625 0.51611328125 0.68212890625 0.51611328125 0.69775390625 0.53271484375 0.69775390625
0 0.5693359375 0.666015625 0.55029296875 0.666015625 0.55029296875 0.6875 0.5693359375 0.6875
0 0.57421875 0.63720703125 0.5478515625 0.63720703125 0.5478515625 0.6611328125 0.57421875 0.6611328125
0 0.4863281250000001 0.64111328125 0.4487304687500001 0.64111328125 0.4487304687500001 0.6787109375 0.4863281250000001 0.6787109375
0 0.560546875 0.6064453125 0.52685546875 0.6064453125 0.52685546875 0.6396484375 0.560546875 0.6396484375
0 0.6103515625 0.5673828125 0.56640625 0.5673828125 0.56640625 0.63818359375 0.6103515625 0.63818359375