0 0.6811523437500001 0.8115234375 0.57861328125 0.8115234375 0.5786132812500001 0.9580078125 0.6811523437500002 0.9580078125
0 0.68017578125 0.7080078125 0.599609375 0.7080078125 0.599609375 0.7998046875 0.68017578125 0.7998046875
0 0.4604492187500001 0.6865234375 0.1586914062500001 0.6865234375 0.1586914062500001 1 0.4604492187500001 1
1 0.1938476562500001 0.7109375 0.1494140625000001 0.7109375 0.1494140625000001 0.7802734375 0.1938476562500001 0.7802734375
0 0.4130859375000001 0.55615234375 0.3530273437500001 0.55615234375 0.3530273437500001 0.60107421875 0.4130859375000001 0.60107421875
1 0.55126953125 0.51708984375 0.5361328125 0.51708984375 0.5361328125 0.54443359375 0.55126953125 0.54443359375
1 0.6103515625 0.4892578125000001 0.59912109375 0.4892578125000001 0.59912109375 0.51416015625 0.6103515625 0.51416015625
1 0.4912109375000001 0.4848632812500001 0.4799804687500001 0.4848632812500001 0.4799804687500001 0.50927734375 0.4912109375000001 0.50927734375
1 0.61865234375 0.4716796875000001 0.60986328125 0.4716796875000001 0.60986328125 0.4916992187500001 0.61865234375 0.4916992187500001
1 0.57958984375 0.4726562500000001 0.5712890625 0.4726562500000001 0.5712890625 0.4931640625000001 0.57958984375 0.4931640625000001
1 0.59814453125 0.4707031250000001 0.58837890625 0.4707031250000001 0.58837890625 0.4892578125000001 0.59814453125 0.4892578125000001
1 0.56201171875 0.4687500000000001 0.55322265625 0.4687500000000001 0.55322265625 0.4887695312500001 0.56201171875 0.4887695312500001
1 0.5126953125 0.4638671875000001 0.5029296875 0.4638671875000001 0.5029296875 0.4863281250000001 0.5126953125 0.4863281250000001
1 0.53369140625 0.4541015625000001 0.52392578125 0.4541015625000001 0.52392578125 0.4716796875000001 0.53369140625 0.4716796875000001
1 0.521484375 0.4526367187500001 0.51220703125 0.4526367187500001 0.51220703125 0.4697265625000001 0.521484375 0.4697265625000001
0 0.56640625 0.4531250000000001 0.54638671875 0.4531250000000001 0.54638671875 0.4692382812500001 0.56640625 0.4692382812500001
0 0.58203125 0.4433593750000001 0.56494140625 0.4433593750000001 0.56494140625 0.4575195312500001 0.58203125 0.4575195312500001
0 0.65234375 0.4545898437500001 0.6337890625 0.4545898437500001 0.6337890625 0.4741210937500001 0.65234375 0.4741210937500001
0 0.62646484375 0.4379882812500001 0.5927734375 0.4379882812500001 0.5927734375 0.4765625000000001 0.62646484375 0.4765625000000001
0 0.5869140625 0.4345703125000001 0.5712890625 0.4345703125000001 0.5712890625 0.4477539062500001 0.5869140625 0.4477539062500001
0 0.66796875 0.57763671875 0.62451171875 0.57763671875 0.62451171875 0.62255859375 0.66796875 0.62255859375
0 0.6611328125 0.54638671875 0.62548828125 0.54638671875 0.62548828125 0.58203125 0.6611328125 0.58203125
0 0.6591796875 0.5302734375 0.62548828125 0.5302734375 0.62548828125 0.55810546875 0.6591796875 0.55810546875