1 0.53515625 0.7646484375 0.4956054687500001 0.7646484375 0.4956054687500001 0.86865234375 0.53515625 0.86865234375
1 0.9140625 0.7924804687500001 0.84716796875 0.79248046875 0.84716796875 0.8842773437500001 0.9140625 0.8842773437500002
0 0.3818359375000001 0.68701171875 0.2822265625000001 0.68701171875 0.2822265625000001 0.818359375 0.3818359375000001 0.818359375
1 0.4443359375000001 0.54443359375 0.4160156250000001 0.54443359375 0.4160156250000001 0.60498046875 0.4443359375000001 0.60498046875
0 0.6943359375 0.57861328125 0.6103515625 0.57861328125 0.6103515625 0.64990234375 0.6943359375 0.64990234375
0 0.546875 0.48095703125000006 0.4516601562500001 0.48095703125 0.4516601562500001 0.6123046875 0.546875 0.6123046875
0 0.3896484375000001 0.6015625 0.3129882812500001 0.6015625 0.3129882812500001 0.6796875 0.3896484375000001 0.6796875
0 0.3969726562500001 0.490234375 0.3540039062500001 0.490234375 0.3540039062500001 0.5283203125 0.3969726562500001 0.5283203125
1 0.80029296875 0.60009765625 0.763671875 0.60009765625 0.763671875 0.65966796875 0.80029296875 0.65966796875
1 0.6611328125 0.52783203125 0.63720703125 0.52783203125 0.63720703125 0.572265625 0.6611328125 0.572265625
1 0.64794921875 0.4897460937500001 0.62744140625 0.4897460937500001 0.62744140625 0.5283203125 0.64794921875 0.5283203125
1 0.4736328125 0.3906250000000001 0.46484375 0.3906250000000001 0.46484375 0.4086914062500001 0.4736328125 0.4086914062500001
1 0.4199218750000001 0.46142578125 0.4101562500000001 0.46142578125 0.4101562500000001 0.49462890625 0.4199218750000001 0.49462890625
1 0.3129882812500001 0.5888671875 0.2524414062500001 0.5888671875 0.2524414062500001 0.62890625 0.3129882812500001 0.62890625
1 0.42968750000000006 0.45068359375 0.41552734375 0.45068359375 0.41552734375000006 0.4814453125 0.4296875000000001 0.4814453125
1 0.56396484375 0.3984375000000001 0.55517578125 0.3984375000000001 0.55517578125 0.4169921875000001 0.56396484375 0.4169921875000001
0 0.56640625 0.4453125000000001 0.53125 0.4453125000000001 0.53125 0.4785156250000001 0.56640625 0.4785156250000001
0 0.62744140625 0.4453125000000001 0.57666015625 0.4453125000000001 0.57666015625 0.4731445312500001 0.62744140625 0.4731445312500001
0 0.53369140625 0.4028320312500001 0.5029296875 0.4028320312500001 0.5029296875 0.4458007812500001 0.53369140625 0.4458007812500001
0 0.46923828125 0.42382812500000006 0.44189453125 0.423828125 0.44189453125 0.44677734375000006 0.46923828125 0.4467773437500001
0 0.4047851562500001 0.45703125 0.3681640625000001 0.45703125 0.3681640625000001 0.4873046875 0.4047851562500001 0.4873046875