1 0.56298828125 0.5361328125 0.52392578125 0.5361328125 0.52392578125 0.60400390625 0.56298828125 0.60400390625
0 0.818359375 0.681640625 0.6728515625 0.681640625 0.6728515625 0.85546875 0.818359375 0.85546875
0 0.3510742187500001 0.66845703125 0.21289062500000006 0.66845703125 0.21289062500000008 0.85546875 0.3510742187500001 0.85546875
0 0.64990234375 0.3969726562500001 0.58447265625 0.3969726562500001 0.58447265625 0.4995117187500001 0.64990234375 0.4995117187500001
1 0.513671875 0.3969726562500001 0.4931640625 0.3969726562500001 0.4931640625 0.4399414062500001 0.513671875 0.4399414062500001
0 0.3725585937500001 0.58544921875 0.2817382812500001 0.58544921875 0.2817382812500001 0.6884765625 0.3725585937500001 0.6884765625
0 0.3916015625000001 0.5322265625 0.3188476562500001 0.5322265625 0.3188476562500001 0.6123046875 0.3916015625000001 0.6123046875
0 0.5791015625 0.3901367187500001 0.5361328125 0.3901367187500001 0.5361328125 0.4345703125000001 0.5791015625 0.4345703125000001
0 0.58837890625 0.3569335937500001 0.55419921875 0.3569335937500001 0.55419921875 0.3857421875000001 0.58837890625 0.3857421875000001
0 0.4384765625 0.37109375 0.41064453125 0.37109375 0.41064453125 0.40234375 0.4384765625 0.40234375
0 0.5771484375 0.3232421875000001 0.552734375 0.3232421875000001 0.552734375 0.3471679687500001 0.5771484375 0.3471679687500001
0 0.49169921875 0.32275390625000006 0.4521484375 0.32275390625 0.4521484375 0.36279296875000006 0.49169921875 0.3627929687500001
0 0.5322265625 0.3095703125000001 0.513671875 0.3095703125000001 0.513671875 0.3242187500000001 0.5322265625 0.3242187500000001
1 0.525390625 0.3300781250000001 0.5146484375 0.3300781250000001 0.5146484375 0.3535156250000001 0.525390625 0.3535156250000001
1 0.54248046875 0.3154296875000001 0.53515625 0.3154296875000001 0.53515625 0.3334960937500001 0.54248046875 0.3334960937500001
1 0.59521484375 0.3315429687500001 0.587890625 0.3315429687500001 0.587890625 0.3530273437500001 0.59521484375 0.3530273437500001
1 0.50341796875 0.3178710937500001 0.49755859375 0.3178710937500001 0.49755859375 0.3364257812500001 0.50341796875 0.3364257812500001
1 0.5322265625 0.3745117187500001 0.52294921875 0.3745117187500001 0.52294921875 0.4023437500000001 0.5322265625 0.4023437500000001
1 0.50390625 0.3681640625000001 0.4931640625 0.3681640625000001 0.4931640625 0.3940429687500001 0.50390625 0.3940429687500001