1 0.50439453125 0.7646484375 0.4648437500000001 0.7646484375 0.4648437500000001 0.86865234375 0.50439453125 0.86865234375
1 0.1528320312500001 0.79248046875 0.08593750000000008 0.79248046875 0.0859375000000001 0.88427734375 0.1528320312500001 0.88427734375
0 0.7177734375 0.68701171875 0.6181640625 0.68701171875 0.6181640625 0.818359375 0.7177734375 0.818359375
1 0.583984375 0.54443359375 0.5556640625 0.54443359375 0.5556640625 0.60498046875 0.583984375 0.60498046875
0 0.3896484375000001 0.57861328125 0.3056640625000001 0.57861328125 0.3056640625000001 0.64990234375 0.3896484375000001 0.64990234375
0 0.54833984375 0.48095703125000006 0.4531250000000001 0.48095703125 0.4531250000000001 0.6123046875 0.54833984375 0.6123046875
0 0.68701171875 0.6015625 0.6103515625 0.6015625 0.6103515625 0.6796875 0.68701171875 0.6796875
0 0.64599609375 0.4902343750000001 0.60302734375 0.4902343750000001 0.60302734375 0.5283203125 0.64599609375 0.5283203125
1 0.23632812500000006 0.60009765625 0.19970703125000006 0.60009765625 0.19970703125000006 0.65966796875 0.23632812500000006 0.65966796875
1 0.3627929687500001 0.52783203125 0.3388671875000001 0.52783203125 0.3388671875000001 0.572265625 0.3627929687500001 0.572265625
1 0.3725585937500001 0.48974609375 0.3520507812500001 0.48974609375 0.3520507812500001 0.5283203125 0.3725585937500001 0.5283203125
1 0.53515625 0.3906250000000001 0.5263671875 0.3906250000000001 0.5263671875 0.4086914062500001 0.53515625 0.4086914062500001
1 0.58984375 0.4614257812500001 0.580078125 0.4614257812500001 0.580078125 0.4946289062500001 0.58984375 0.4946289062500001
1 0.74755859375 0.5888671875 0.68701171875 0.5888671875 0.68701171875 0.62890625 0.74755859375 0.62890625
1 0.58447265625 0.4506835937500001 0.5703125 0.4506835937500001 0.5703125 0.4814453125000001 0.58447265625 0.4814453125000001
1 0.44482421875 0.3984375 0.43603515625 0.3984375 0.43603515625 0.4169921875 0.44482421875 0.4169921875
0 0.46875000000000006 0.44531250000000006 0.43359375 0.4453125 0.43359375000000006 0.47851562500000006 0.4687500000000001 0.4785156250000001
0 0.42333984375000006 0.4453125 0.37255859375 0.4453125 0.37255859375000006 0.47314453125 0.4233398437500001 0.47314453125
0 0.4970703125 0.4028320312500001 0.46630859375 0.4028320312500001 0.46630859375 0.4458007812500001 0.4970703125 0.4458007812500001
0 0.55810546875 0.4238281250000001 0.53076171875 0.4238281250000001 0.53076171875 0.4467773437500001 0.55810546875 0.4467773437500001
0 0.6318359375 0.4570312500000001 0.59521484375 0.4570312500000001 0.59521484375 0.4873046875000001 0.6318359375 0.4873046875000001