1 0.4824218750000001 0.5263671875 0.4716796875000001 0.5263671875 0.4716796875000001 0.54345703125 0.4824218750000001 0.54345703125
1 0.4960937500000001 0.52783203125 0.4863281250000001 0.52783203125 0.4863281250000001 0.5458984375 0.4960937500000001 0.5458984375
1 0.4560546875000001 0.5068359375 0.4462890625000001 0.5068359375 0.4462890625000001 0.52734375 0.4560546875000001 0.52734375
1 0.4340820312500001 0.50146484375 0.4252929687500001 0.50146484375 0.4252929687500001 0.52294921875 0.4340820312500001 0.52294921875
1 0.4165039062500001 0.5078125 0.4072265625000001 0.5078125 0.4072265625000001 0.52783203125 0.4165039062500001 0.52783203125
1 0.3925781250000001 0.50732421875 0.3833007812500001 0.50732421875 0.3833007812500001 0.5263671875 0.3925781250000001 0.5263671875
1 0.4042968750000001 0.4765625 0.3935546875000001 0.4765625 0.3935546875000001 0.50439453125 0.4042968750000001 0.50439453125
1 0.47558593750000006 0.4384765625000001 0.46142578125 0.4384765625000001 0.46142578125000006 0.4702148437500001 0.4755859375000001 0.4702148437500001
0 0.37548828125000006 0.4453125 0.34326171875 0.4453125 0.34326171875000006 0.47216796875 0.3754882812500001 0.47216796875
0 0.37500000000000006 0.4228515625 0.3408203125 0.4228515625 0.34082031250000006 0.45751953125 0.3750000000000001 0.45751953125
0 0.375 0.38232421875 0.33349609375 0.38232421875 0.33349609375 0.42529296875 0.375 0.42529296875
0 0.40087890625 0.20166015625000006 0.32080078125 0.20166015625000006 0.32080078125 0.29541015625 0.40087890625 0.29541015625
0 0.4208984375 0.04931640625000005 0.31982421875 0.04931640625000004 0.31982421875 0.19140625000000006 0.4208984375 0.19140625000000006
0 0.69921875 0.3598632812500001 0.6259765625 0.3598632812500001 0.6259765625 0.4130859375000001 0.69921875 0.4130859375000001
1 0.5078125 0.509765625 0.4975585937500001 0.509765625 0.4975585937500001 0.533203125 0.5078125 0.533203125
1 0.5400390625 0.4790039062500001 0.525390625 0.4790039062500001 0.525390625 0.50537109375 0.5400390625 0.50537109375
0 0.4599609375000001 0.5302734375 0.4384765625000001 0.5302734375 0.4384765625000001 0.546875 0.4599609375000001 0.546875
1 0.4716796875000001 0.54248046875 0.4643554687500001 0.54248046875 0.4643554687500001 0.55712890625 0.4716796875000001 0.55712890625
0 0.4399414062500001 0.541015625 0.4213867187500001 0.541015625 0.4213867187500001 0.556640625 0.4399414062500001 0.556640625
0 0.3666992187500001 0.53076171875 0.3471679687500001 0.53076171875 0.3471679687500001 0.54931640625 0.3666992187500001 0.54931640625
0 0.4111328125000001 0.5234375 0.3769531250000001 0.5234375 0.3769531250000001 0.56298828125 0.4111328125000001 0.56298828125
0 0.4331054687500001 0.55224609375 0.4169921875000001 0.55224609375 0.4169921875000001 0.56640625 0.4331054687500001 0.56640625
0 0.4252929687500001 0.5634765625 0.4077148437500001 0.5634765625 0.4077148437500001 0.5830078125 0.4252929687500001 0.5830078125
0 0.3671875000000001 0.55224609375 0.3510742187500001 0.55224609375 0.3510742187500001 0.56689453125 0.3671875000000001 0.56689453125
1 0.3154296875 0.26318359375 0.24951171875000006 0.26318359375 0.24951171875000006 0.3056640625 0.3154296875 0.3056640625