1 0.61669921875 0.4018554687500001 0.58740234375 0.4018554687500001 0.58740234375 0.4663085937500001 0.61669921875 0.4663085937500001
0 0.6552734375 0.4609375000000001 0.59130859375 0.4609375000000001 0.59130859375 0.5234375 0.6552734375 0.5234375
1 0.65380859375 0.13085937500000006 0.6083984375 0.13085937500000006 0.6083984375 0.2509765625000001 0.65380859375 0.2509765625000001
1 0.87109375 0.1772460937500001 0.8212890625 0.1772460937500001 0.8212890625 0.2856445312500001 0.87109375 0.2856445312500001
1 0.79296875 0.3120117187500001 0.7578125 0.3120117187500001 0.7578125 0.3935546875000001 0.79296875 0.3935546875000001
0 0.36962890625 0.15136718750000006 0.2333984375 0.15136718750000006 0.23339843750000003 0.328125 0.36962890625 0.328125
0 0.39013671875 0.31005859375 0.2978515625 0.31005859375 0.2978515625 0.4140625 0.39013671875 0.4140625
0 0.41064453125000006 0.38671875 0.33154296875 0.38671875 0.33154296875000006 0.4658203125 0.4106445312500001 0.4658203125
1 0.537109375 0.54541015625 0.52099609375 0.54541015625 0.52099609375 0.58447265625 0.537109375 0.58447265625
1 0.51806640625 0.6044921875 0.50732421875 0.6044921875 0.50732421875 0.6337890625 0.51806640625 0.6337890625
0 0.4580078125000001 0.59814453125 0.4243164062500001 0.59814453125 0.4243164062500001 0.6279296875 0.4580078125000001 0.6279296875
0 0.6181640625 0.58349609375 0.572265625 0.58349609375 0.572265625 0.64990234375 0.6181640625 0.64990234375
0 0.4609375000000001 0.61962890625 0.4331054687500001 0.61962890625 0.4331054687500001 0.646484375 0.4609375000000001 0.646484375
0 0.4667968750000001 0.63134765625 0.4414062500000001 0.63134765625 0.4414062500000001 0.66015625 0.4667968750000001 0.66015625
0 0.5 0.6416015625 0.4575195312500001 0.6416015625 0.4575195312500001 0.67919921875 0.5 0.67919921875
1 0.51904296875 0.6337890625 0.509765625 0.6337890625 0.509765625 0.6552734375 0.51904296875 0.6552734375
1 0.5400390625 0.63330078125 0.529296875 0.63330078125 0.529296875 0.65625 0.5400390625 0.65625
0 0.56884765625 0.61572265625 0.5361328125 0.61572265625 0.5361328125 0.6484375 0.56884765625 0.6484375
0 0.58349609375 0.64306640625 0.55712890625 0.64306640625 0.55712890625 0.66748046875 0.58349609375 0.66748046875
1 0.62158203125 0.6181640625 0.6103515625 0.6181640625 0.6103515625 0.6435546875 0.62158203125 0.6435546875
0 0.580078125 0.66943359375 0.55810546875 0.66943359375 0.55810546875 0.689453125 0.580078125 0.689453125
1 0.52197265625 0.66162109375 0.513671875 0.66162109375 0.513671875 0.681640625 0.52197265625 0.681640625
1 0.5166015625 0.6748046875 0.5107421875 0.6748046875 0.5107421875 0.69091796875 0.5166015625 0.69091796875
0 0.51904296875 0.68310546875 0.501953125 0.68310546875 0.501953125 0.69775390625 0.51904296875 0.69775390625
0 0.54443359375 0.68408203125 0.52783203125 0.68408203125 0.52783203125 0.69921875 0.54443359375 0.69921875
1 0.5576171875 0.68310546875 0.5498046875 0.68310546875 0.5498046875 0.69677734375 0.5576171875 0.69677734375
1 0.59521484375 0.66650390625 0.5869140625 0.66650390625 0.5869140625 0.68408203125 0.59521484375 0.68408203125
0 0.4804687500000001 0.6953125 0.4643554687500001 0.6953125 0.4643554687500001 0.70947265625 0.4804687500000001 0.70947265625
1 0.52099609375 0.6953125 0.513671875 0.6953125 0.513671875 0.708984375 0.52099609375 0.708984375
1 0.5400390625 0.7001953125 0.53369140625 0.7001953125 0.53369140625 0.71142578125 0.5400390625 0.71142578125
0 0.53369140625 0.70361328125 0.52001953125 0.70361328125 0.52001953125 0.71630859375 0.53369140625 0.71630859375
1 0.4902343750000001 0.70166015625 0.4853515625000001 0.70166015625 0.4853515625000001 0.712890625 0.4902343750000001 0.712890625
1 0.5029296875 0.70263671875 0.4975585937500001 0.70263671875 0.4975585937500001 0.71533203125 0.5029296875 0.71533203125
1 0.5029296875 0.693359375 0.4975585937500001 0.693359375 0.4975585937500001 0.70556640625 0.5029296875 0.70556640625
0 0.5166015625 0.7080078125 0.4975585937500001 0.7080078125 0.4975585937500001 0.73095703125 0.5166015625 0.73095703125
1 0.548828125 0.70556640625 0.54345703125 0.70556640625 0.54345703125 0.71728515625 0.548828125 0.71728515625
1 0.55224609375 0.71484375 0.54736328125 0.71484375 0.54736328125 0.72607421875 0.55224609375 0.72607421875
1 0.55517578125 0.703125 0.55078125 0.703125 0.55078125 0.71484375 0.55517578125 0.71484375
1 0.560546875 0.6962890625 0.5546875 0.6962890625 0.5546875 0.70849609375 0.560546875 0.70849609375
0 0.4833984375000001 0.71728515625 0.4707031250000001 0.71728515625 0.4707031250000001 0.73046875 0.4833984375000001 0.73046875
0 0.4833984375000001 0.716796875 0.4829101562500001 0.716796875 0.4829101562500001 0.71728515625 0.4833984375000001 0.71728515625
1 0.4951171875000001 0.7177734375 0.4907226562500001 0.7177734375 0.4907226562500001 0.72802734375 0.4951171875000001 0.72802734375
0 0.5263671875 0.7216796875 0.515625 0.7216796875 0.515625 0.7314453125 0.5263671875 0.7314453125
1 0.56884765625 0.68896484375 0.5625 0.68896484375 0.5625 0.7001953125 0.56884765625 0.7001953125