1 0.41845703125000006 0.427734375 0.39111328125 0.427734375 0.39111328125000006 0.49853515625 0.4184570312500001 0.49853515625
1 0.46630859375 5.35483988592019e-17 0.408203125 4.999046504331969e-17 0.408203125 0.15136718750000006 0.46630859375 0.15136718750000006
0 0.77783203125 0.005371093750000085 0.6083984375 0.005371093750000075 0.6083984375 0.22363281250000008 0.77783203125 0.2236328125000001
0 0.74267578125 0.19921875000000008 0.611328125 0.19921875000000006 0.611328125 0.3662109375000001 0.74267578125 0.3662109375000001
0 0.67333984375 0.3535156250000001 0.58837890625 0.3535156250000001 0.58837890625 0.4492187500000001 0.67333984375 0.4492187500000001
0 0.6416015625 0.4257812500000001 0.5693359375 0.4257812500000001 0.5693359375 0.5009765625 0.6416015625 0.5009765625
0 0.54931640625 0.63720703125 0.5224609375 0.63720703125 0.5224609375 0.6640625 0.54931640625 0.6640625
0 0.4091796875000001 0.68017578125 0.3823242187500001 0.68017578125 0.3823242187500001 0.70703125 0.4091796875000001 0.70703125
1 0.50390625 0.67333984375 0.4921875000000001 0.67333984375 0.4921875000000001 0.6953125 0.50390625 0.6953125
1 0.4790039062500001 0.6923828125 0.4692382812500001 0.6923828125 0.4692382812500001 0.71337890625 0.4790039062500001 0.71337890625
0 0.4511718750000001 0.70947265625 0.4296875000000001 0.70947265625 0.4296875000000001 0.73974609375 0.4511718750000001 0.73974609375
1 0.4907226562500001 0.72119140625 0.4848632812500001 0.72119140625 0.4848632812500001 0.73388671875 0.4907226562500001 0.73388671875
1 0.4204101562500001 0.7451171875 0.4155273437500001 0.7451171875 0.4155273437500001 0.75634765625 0.4204101562500001 0.75634765625
0 0.51220703125 0.734375 0.4965820312500001 0.734375 0.4965820312500001 0.74609375 0.51220703125 0.74609375
0 0.4614257812500001 0.76416015625 0.4521484375000001 0.76416015625 0.4521484375000001 0.77197265625 0.4614257812500001 0.77197265625
0 0.50537109375 0.75537109375 0.4931640625000001 0.75537109375 0.4931640625000001 0.76806640625 0.50537109375 0.76806640625
1 0.4677734375000001 0.77783203125 0.4624023437500001 0.77783203125 0.4624023437500001 0.78369140625 0.4677734375000001 0.78369140625