1 0.41650390625 0.29150390625 0.37353515625 0.29150390625 0.37353515625 0.38134765625 0.41650390625 0.38134765625
1 0.38818359375000006 0.43701171875 0.37109375 0.43701171875 0.37109375000000006 0.49853515625 0.3881835937500001 0.49853515625
1 0.4594726562500001 0.47558593750000006 0.4370117187500001 0.4755859375 0.4370117187500001 0.5302734375 0.4594726562500001 0.5302734375
1 0.427734375 0.07177734375000006 0.37744140625 0.07177734375000006 0.37744140625 0.20605468750000006 0.427734375 0.20605468750000006
1 0.4990234375 0.01904296875000006 0.45166015625 0.019042968750000056 0.45166015625 0.16552734375000006 0.4990234375 0.16552734375000006
0 0.29443359375 0.005371093750000026 0.125 0.005371093750000016 0.125 0.21875000000000003 0.29443359375 0.21875000000000006
0 0.76025390625 0.15332031250000008 0.63818359375 0.15332031250000006 0.63818359375 0.3339843750000001 0.76025390625 0.3339843750000001
1 0.3730468750000001 0.51806640625 0.3554687500000001 0.51806640625 0.3554687500000001 0.5615234375 0.3730468750000001 0.5615234375
1 0.2666015625000001 0.4921875 0.2504882812500001 0.4921875 0.2504882812500001 0.5400390625 0.2666015625000001 0.5400390625
1 0.4843750000000001 0.58056640625 0.4672851562500001 0.58056640625 0.4672851562500001 0.6142578125 0.4843750000000001 0.6142578125
1 0.3681640625000001 0.5478515625 0.3476562500000001 0.5478515625 0.3476562500000001 0.58251953125 0.3681640625000001 0.58251953125
1 0.4868164062500001 0.62841796875 0.4755859375000001 0.62841796875 0.4755859375000001 0.64990234375 0.4868164062500001 0.64990234375
1 0.50146484375 0.6435546875 0.4912109375000001 0.6435546875 0.4912109375000001 0.66259765625 0.50146484375 0.66259765625
1 0.4096679687500001 0.646484375 0.3940429687500001 0.646484375 0.3940429687500001 0.6689453125 0.4096679687500001 0.6689453125
1 0.4863281250000001 0.6611328125 0.4814453125000001 0.6611328125 0.4814453125000001 0.67919921875 0.4863281250000001 0.67919921875
1 0.4970703125000001 0.6611328125 0.4912109375000001 0.6611328125 0.4912109375000001 0.67724609375 0.4970703125000001 0.67724609375
1 0.4931640625000001 0.6826171875 0.4843750000000001 0.6826171875 0.4843750000000001 0.6953125 0.4931640625000001 0.6953125
1 0.4272460937500001 0.6884765625 0.4204101562500001 0.6884765625 0.4204101562500001 0.703125 0.4272460937500001 0.703125
1 0.4868164062500001 0.708984375 0.4819335937500001 0.708984375 0.4819335937500001 0.71923828125 0.4868164062500001 0.71923828125
1 0.501953125 0.7080078125 0.4985351562500001 0.7080078125 0.4985351562500001 0.71728515625 0.501953125 0.71728515625
1 0.51611328125 0.7080078125 0.51123046875 0.7080078125 0.51123046875 0.72216796875 0.51611328125 0.72216796875
1 0.4614257812500001 0.7099609375 0.4580078125000001 0.7099609375 0.4580078125000001 0.72216796875 0.4614257812500001 0.72216796875
1 0.4658203125000001 0.70947265625 0.4609375000000001 0.70947265625 0.4609375000000001 0.71826171875 0.4658203125000001 0.71826171875
1 0.4575195312500001 0.720703125 0.4511718750000001 0.720703125 0.4511718750000001 0.72900390625 0.4575195312500001 0.72900390625
1 0.4541015625000001 0.71484375 0.4492187500000001 0.71484375 0.4492187500000001 0.72509765625 0.4541015625000001 0.72509765625
1 0.4453125000000001 0.70458984375 0.4394531250000001 0.70458984375 0.4394531250000001 0.71533203125 0.4453125000000001 0.71533203125
1 0.4506835937500001 0.703125 0.4467773437500001 0.703125 0.4467773437500001 0.71533203125 0.4506835937500001 0.71533203125
1 0.5048828125 0.71337890625 0.50048828125 0.71337890625 0.50048828125 0.7236328125 0.5048828125 0.7236328125
0 0.57421875 0.60205078125 0.5439453125 0.60205078125 0.5439453125 0.63134765625 0.57421875 0.63134765625
0 0.50048828125 0.71728515625 0.4863281250000001 0.71728515625 0.4863281250000001 0.7373046875 0.50048828125 0.7373046875
0 0.4814453125000001 0.7138671875 0.4702148437500001 0.7138671875 0.4702148437500001 0.7236328125 0.4814453125000001 0.7236328125
0 0.4760742187500001 0.69775390625 0.4614257812500001 0.69775390625 0.4614257812500001 0.71142578125 0.4760742187500001 0.71142578125
0 0.4985351562500001 0.69921875 0.4819335937500001 0.69921875 0.4819335937500001 0.71044921875 0.4985351562500001 0.71044921875
0 0.4482421875000001 0.63671875 0.4189453125000001 0.63671875 0.4189453125000001 0.6826171875 0.4482421875000001 0.6826171875
0 0.4697265625000001 0.65673828125 0.4497070312500001 0.65673828125 0.4497070312500001 0.6787109375 0.4697265625000001 0.6787109375
0 0.4472656250000001 0.5830078125 0.4121093750000001 0.5830078125 0.4121093750000001 0.6171875 0.4472656250000001 0.6171875
0 0.56787109375 0.6220703125 0.537109375 0.6220703125 0.537109375 0.64794921875 0.56787109375 0.64794921875
0 0.5595703125 0.634765625 0.53271484375 0.634765625 0.53271484375 0.6611328125 0.5595703125 0.6611328125
0 0.4506835937500001 0.69091796875 0.4355468750000001 0.69091796875 0.4355468750000001 0.7041015625 0.4506835937500001 0.7041015625
0 0.53662109375 0.69775390625 0.51953125 0.69775390625 0.51953125 0.7099609375 0.53662109375 0.7099609375
0 0.53125 0.71875 0.51806640625 0.71875 0.51806640625 0.73046875 0.53125 0.73046875
0 0.69873046875 0.3134765625000001 0.61962890625 0.3134765625000001 0.61962890625 0.4179687500000001 0.69873046875 0.4179687500000001
0 0.671875 0.3862304687500001 0.58935546875 0.3862304687500001 0.58935546875 0.4687500000000001 0.671875 0.4687500000000001