0 0.39697265625 0.19482421875000006 0.32080078125 0.19482421875000006 0.32080078125 0.29541015625 0.39697265625 0.29541015625
1 0.3037109375 0.26123046875 0.24414062500000006 0.26123046875 0.24414062500000006 0.298828125 0.3037109375 0.298828125
0 0.41748046875 0.030761718750000045 0.318359375 0.03076171875000004 0.318359375 0.19287109375000006 0.41748046875 0.19287109375000006
0 0.859375 8.793179287823159e-17 0.57666015625 7.06205014547375e-17 0.57666015625 0.2617187500000001 0.859375 0.2617187500000001
1 0.92041015625 0.1665039062500001 0.87109375 0.1665039062500001 0.87109375 0.2397460937500001 0.92041015625 0.2397460937500001
1 0.46826171875000006 0.4516601562500001 0.45361328125 0.4516601562500001 0.45361328125000006 0.4785156250000001 0.4682617187500001 0.4785156250000001
1 0.52587890625 0.4863281250000001 0.51513671875 0.4863281250000001 0.51513671875 0.509765625 0.52587890625 0.509765625
1 0.501953125 0.5146484375 0.4887695312500001 0.5146484375 0.4887695312500001 0.5361328125 0.501953125 0.5361328125
1 0.4892578125000001 0.52978515625 0.4794921875000001 0.52978515625 0.4794921875000001 0.54638671875 0.4892578125000001 0.54638671875
1 0.4765625000000001 0.52587890625 0.4682617187500001 0.52587890625 0.4682617187500001 0.54541015625 0.4765625000000001 0.54541015625
1 0.4497070312500001 0.50927734375 0.4399414062500001 0.50927734375 0.4399414062500001 0.52685546875 0.4497070312500001 0.52685546875
1 0.4287109375000001 0.5029296875 0.4194335937500001 0.5029296875 0.4194335937500001 0.525390625 0.4287109375000001 0.525390625
1 0.3999023437500001 0.48193359375 0.3876953125000001 0.48193359375 0.3876953125000001 0.50634765625 0.3999023437500001 0.50634765625
1 0.3891601562500001 0.5078125 0.3784179687500001 0.5078125 0.3784179687500001 0.5263671875 0.3891601562500001 0.5263671875
1 0.4116210937500001 0.50732421875 0.4003906250000001 0.50732421875 0.4003906250000001 0.52685546875 0.4116210937500001 0.52685546875
0 0.66650390625 0.3784179687500001 0.6015625 0.3784179687500001 0.6015625 0.4262695312500001 0.66650390625 0.4262695312500001
0 0.375 0.37841796875 0.32958984375 0.37841796875 0.32958984375 0.41748046875 0.375 0.41748046875
0 0.37402343750000006 0.4208984375 0.337890625 0.4208984375 0.33789062500000006 0.45361328125 0.3740234375000001 0.45361328125
0 0.37451171875000006 0.44384765625 0.33935546875 0.44384765625 0.33935546875000006 0.46923828125 0.3745117187500001 0.46923828125
0 0.4042968750000001 0.52392578125 0.3754882812500001 0.52392578125 0.3754882812500001 0.560546875 0.4042968750000001 0.560546875
0 0.3623046875000001 0.529296875 0.3486328125000001 0.529296875 0.3486328125000001 0.54638671875 0.3623046875000001 0.54638671875
0 0.4541015625000001 0.529296875 0.4355468750000001 0.529296875 0.4355468750000001 0.5458984375 0.4541015625000001 0.5458984375
0 0.4345703125000001 0.54150390625 0.4160156250000001 0.54150390625 0.4160156250000001 0.55419921875 0.4345703125000001 0.55419921875