1 0.8115234375 0.68505859375 0.71435546875 0.68505859375 0.71435546875 0.7470703125 0.8115234375 0.7470703125
1 0.4848632812500001 0.5556640625 0.4511718750000001 0.5556640625 0.4511718750000001 0.609375 0.4848632812500001 0.609375
0 0.3696289062500001 0.62646484375 0.24316406250000006 0.62646484375 0.24316406250000008 0.7099609375 0.3696289062500001 0.7099609375
0 0.72705078125 0.53369140625 0.669921875 0.53369140625 0.669921875 0.58837890625 0.72705078125 0.58837890625
0 0.58203125 0.4580078125000001 0.537109375 0.4580078125000001 0.537109375 0.4868164062500001 0.58203125 0.4868164062500001
1 0.65087890625 0.4687500000000001 0.6376953125 0.4687500000000001 0.6376953125 0.4985351562500001 0.65087890625 0.4985351562500001
1 0.58203125 0.5009765625 0.56640625 0.5009765625 0.56640625 0.54443359375 0.58203125 0.54443359375
1 0.70654296875 0.4287109375000001 0.6943359375 0.4287109375000001 0.6943359375 0.4526367187500001 0.70654296875 0.4526367187500001
1 0.4531250000000001 0.50146484375 0.4340820312500001 0.50146484375 0.4340820312500001 0.54296875 0.4531250000000001 0.54296875
1 0.5966796875 0.4042968750000001 0.5869140625 0.4042968750000001 0.5869140625 0.4233398437500001 0.5966796875 0.4233398437500001
1 0.6357421875 0.4008789062500001 0.62890625 0.4008789062500001 0.62890625 0.4165039062500001 0.6357421875 0.4165039062500001
0 0.66552734375 0.4042968750000001 0.64306640625 0.4042968750000001 0.64306640625 0.4228515625000001 0.66552734375 0.4228515625000001
0 0.7392578125 0.4047851562500001 0.7177734375 0.4047851562500001 0.7177734375 0.4218750000000001 0.7392578125 0.4218750000000001
1 0.61328125 0.3950195312500001 0.60498046875 0.3950195312500001 0.60498046875 0.4111328125000001 0.61328125 0.4111328125000001
1 0.4340820312500001 0.4853515625 0.4184570312500001 0.4853515625 0.4184570312500001 0.52392578125 0.4340820312500001 0.52392578125
0 0.7265625 0.4951171875000001 0.68115234375 0.4951171875000001 0.68115234375 0.54150390625 0.7265625 0.54150390625
0 0.728515625 0.4799804687500001 0.68798828125 0.4799804687500001 0.68798828125 0.50634765625 0.728515625 0.50634765625
1 0.58935546875 0.4829101562500001 0.57421875 0.4829101562500001 0.57421875 0.51708984375 0.58935546875 0.51708984375
1 0.55810546875 0.4355468750000001 0.544921875 0.4355468750000001 0.544921875 0.4619140625000001 0.55810546875 0.4619140625000001
0 0.65673828125 0.3896484375000001 0.63427734375 0.3896484375000001 0.63427734375 0.4067382812500001 0.65673828125 0.4067382812500001
1 0.68359375 0.3940429687500001 0.67626953125 0.3940429687500001 0.67626953125 0.4086914062500001 0.68359375 0.4086914062500001
1 0.64208984375 0.3784179687500001 0.63623046875 0.3784179687500001 0.63623046875 0.3901367187500001 0.64208984375 0.3901367187500001
0 0.666015625 0.3847656250000001 0.6484375 0.3847656250000001 0.6484375 0.3994140625000001 0.666015625 0.3994140625000001