1 0.3852539062500001 0.78515625 0.3320312500000001 0.78515625 0.3320312500000001 0.912109375 0.3852539062500001 0.912109375
0 0.765625 0.66796875 0.630859375 0.66796875 0.630859375 0.8515625 0.765625 0.8515625
0 0.70166015625 0.58349609375 0.61083984375 0.58349609375 0.61083984375 0.6845703125 0.70166015625 0.6845703125
0 0.66650390625 0.53125 0.58984375 0.53125 0.58984375 0.6142578125 0.66650390625 0.6142578125
1 0.4458007812500001 0.52001953125 0.4199218750000001 0.52001953125 0.4199218750000001 0.5859375 0.4458007812500001 0.5859375
1 0.3735351562500001 0.56494140625 0.3452148437500001 0.56494140625 0.3452148437500001 0.6357421875 0.3735351562500001 0.6357421875
1 0.3388671875000001 0.48583984375 0.3168945312500001 0.48583984375 0.3168945312500001 0.5400390625 0.3388671875000001 0.5400390625
0 0.43994140625 0.40185546875 0.396484375 0.40185546875 0.396484375 0.44091796875 0.43994140625 0.44091796875
1 0.34423828125000006 0.45068359375 0.32470703125 0.45068359375 0.32470703125000006 0.49365234375 0.3442382812500001 0.49365234375
1 0.47119140625000006 0.4150390625000001 0.4541015625 0.4150390625000001 0.45410156250000006 0.4541015625000001 0.4711914062500001 0.4541015625000001
1 0.48681640625 0.3627929687500001 0.4736328125 0.3627929687500001 0.4736328125 0.3920898437500001 0.48681640625 0.3920898437500001
1 0.40380859375 0.33544921875 0.39208984375 0.33544921875 0.39208984375 0.357421875 0.40380859375 0.357421875
0 0.57568359375 0.3686523437500001 0.5439453125 0.3686523437500001 0.5439453125 0.3989257812500001 0.57568359375 0.3989257812500001
1 0.49951171875 0.3417968750000001 0.48974609375 0.3417968750000001 0.48974609375 0.3662109375000001 0.49951171875 0.3662109375000001
0 0.56787109375 0.3505859375000001 0.54052734375 0.3505859375000001 0.54052734375 0.3759765625000001 0.56787109375 0.3759765625000001
0 0.560546875 0.3374023437500001 0.5341796875 0.3374023437500001 0.5341796875 0.3652343750000001 0.560546875 0.3652343750000001
0 0.54736328125 0.3149414062500001 0.51025390625 0.3149414062500001 0.51025390625 0.3515625000000001 0.54736328125 0.3515625000000001
1 0.4970703125 0.3261718750000001 0.4873046875 0.3261718750000001 0.4873046875 0.3466796875000001 0.4970703125 0.3466796875000001
1 0.4853515625 0.3227539062500001 0.4765625 0.3227539062500001 0.4765625 0.3432617187500001 0.4853515625 0.3432617187500001
0 0.47265625 0.32666015625000006 0.44580078125 0.32666015625 0.44580078125 0.35351562500000006 0.47265625 0.3535156250000001
0 0.4443359375 0.322265625 0.40869140625 0.322265625 0.40869140625 0.37353515625 0.4443359375 0.37353515625
0 0.453125 0.31396484375 0.4296875 0.31396484375 0.4296875 0.333984375 0.453125 0.333984375
1 0.4931640625 0.3051757812500001 0.48486328125 0.3051757812500001 0.48486328125 0.3237304687500001 0.4931640625 0.3237304687500001
1 0.49365234375 0.2968750000000001 0.48583984375 0.2968750000000001 0.48583984375 0.3110351562500001 0.49365234375 0.3110351562500001
0 0.45068359375 0.29736328125 0.4306640625 0.29736328125 0.4306640625 0.31494140625 0.45068359375 0.31494140625
1 0.423828125 0.30078125 0.4169921875 0.30078125 0.4169921875 0.31591796875 0.423828125 0.31591796875
0 0.49853515625 0.2910156250000001 0.48193359375 0.2910156250000001 0.48193359375 0.3056640625000001 0.49853515625 0.3056640625000001
0 0.47509765625 0.2900390625000001 0.45947265625 0.2900390625000001 0.45947265625 0.3041992187500001 0.47509765625 0.3041992187500001
0 0.53662109375 0.2885742187500001 0.52099609375 0.2885742187500001 0.52099609375 0.3012695312500001 0.53662109375 0.3012695312500001
0 0.48681640625 0.2812500000000001 0.4814453125 0.2812500000000001 0.4814453125 0.2939453125000001 0.48681640625 0.2939453125000001
1 0.50390625 0.2846679687500001 0.4990234375 0.2846679687500001 0.4990234375 0.2958984375000001 0.50390625 0.2958984375000001
1 0.51611328125 0.2797851562500001 0.51171875 0.2797851562500001 0.51171875 0.2919921875000001 0.51611328125 0.2919921875000001
0 0.48291015625 0.2763671875000001 0.47021484375 0.2763671875000001 0.47021484375 0.2871093750000001 0.48291015625 0.2871093750000001
1 0.505859375 0.2768554687500001 0.5 0.2768554687500001 0.5 0.2880859375000001 0.505859375 0.2880859375000001