1 0.4892578125000001 0.63037109375 0.4658203125000001 0.63037109375 0.4658203125000001 0.677734375 0.4892578125000001 0.677734375
1 0.58544921875 0.779296875 0.5498046875 0.779296875 0.5498046875 0.87841796875 0.58544921875 0.87841796875
0 0.705078125 0.6982421875 0.6240234375 0.6982421875 0.6240234375 0.79345703125 0.705078125 0.79345703125
0 0.7084960937500001 0.802734375 0.60595703125 0.802734375 0.6059570312500001 0.9521484375 0.7084960937500002 0.9521484375
0 0.689453125 0.5673828125 0.646484375 0.5673828125 0.646484375 0.61083984375 0.689453125 0.61083984375
0 0.68212890625 0.53369140625 0.64599609375 0.53369140625 0.64599609375 0.5673828125 0.68212890625 0.5673828125
0 0.67822265625 0.51708984375 0.646484375 0.51708984375 0.646484375 0.54736328125 0.67822265625 0.54736328125
0 0.63623046875 0.4414062500000001 0.59521484375 0.4414062500000001 0.59521484375 0.4912109375000001 0.63623046875 0.4912109375000001
0 0.6728515625 0.4394531250000001 0.6533203125 0.4394531250000001 0.6533203125 0.4604492187500001 0.6728515625 0.4604492187500001
0 0.56689453125 0.4628906250000001 0.54345703125 0.4628906250000001 0.54345703125 0.4843750000000001 0.56689453125 0.4843750000000001
1 0.611328125 0.53369140625 0.59716796875 0.53369140625 0.59716796875 0.56689453125 0.611328125 0.56689453125
1 0.63232421875 0.4892578125000001 0.62158203125 0.4892578125000001 0.62158203125 0.51318359375 0.63232421875 0.51318359375
1 0.59423828125 0.4892578125000001 0.58251953125 0.4892578125000001 0.58251953125 0.51708984375 0.59423828125 0.51708984375
1 0.57177734375 0.50830078125 0.5595703125 0.50830078125 0.5595703125 0.537109375 0.57177734375 0.537109375
1 0.53271484375 0.5078125 0.51904296875 0.5078125 0.51904296875 0.53515625 0.53271484375 0.53515625
1 0.4716796875000001 0.5048828125 0.4594726562500001 0.5048828125 0.4594726562500001 0.52783203125 0.4716796875000001 0.52783203125
1 0.3911132812500001 0.57080078125 0.3706054687500001 0.57080078125 0.3706054687500001 0.60791015625 0.3911132812500001 0.60791015625
1 0.52197265625 0.4721679687500001 0.509765625 0.4721679687500001 0.509765625 0.4936523437500001 0.52197265625 0.4936523437500001
1 0.5009765625 0.4765625000000001 0.4902343750000001 0.4765625000000001 0.4902343750000001 0.4995117187500001 0.5009765625 0.4995117187500001
1 0.529296875 0.4536132812500001 0.51904296875 0.4536132812500001 0.51904296875 0.4711914062500001 0.529296875 0.4711914062500001
0 0.58837890625 0.4506835937500001 0.56689453125 0.4506835937500001 0.56689453125 0.4702148437500001 0.58837890625 0.4702148437500001
1 0.5947265625 0.4433593750000001 0.5859375 0.4433593750000001 0.5859375 0.4594726562500001 0.5947265625 0.4594726562500001