1 0.3017578125000001 0.74951171875 0.2534179687500001 0.74951171875 0.2534179687500001 0.87646484375 0.3017578125000001 0.87646484375
0 0.3398437500000001 0.53955078125 0.24023437500000006 0.53955078125 0.24023437500000006 0.63720703125 0.3398437500000001 0.63720703125
1 0.3154296875000001 0.474609375 0.2905273437500001 0.474609375 0.2905273437500001 0.5283203125 0.3154296875000001 0.5283203125
0 0.41796875000000006 0.4345703125 0.37109375 0.4345703125 0.37109375000000006 0.486328125 0.4179687500000001 0.486328125
0 0.75390625 0.67626953125 0.61474609375 0.67626953125 0.61474609375 0.84765625 0.75390625 0.84765625
0 0.685546875 0.59423828125 0.59814453125 0.59423828125 0.59814453125 0.69384765625 0.685546875 0.69384765625
0 0.65234375 0.53564453125 0.576171875 0.53564453125 0.576171875 0.61279296875 0.65234375 0.61279296875
1 0.38134765625 0.3779296875 0.36865234375 0.3779296875 0.36865234375 0.4072265625 0.38134765625 0.4072265625
1 0.3564453125 0.365234375 0.34423828125 0.365234375 0.34423828125 0.3916015625 0.3564453125 0.3916015625
1 0.46044921875 0.39648437500000006 0.44580078125 0.396484375 0.44580078125 0.42724609375000006 0.46044921875 0.4272460937500001
1 0.48486328125 0.3872070312500001 0.4697265625 0.3872070312500001 0.4697265625 0.4121093750000001 0.48486328125 0.4121093750000001
1 0.44775390625 0.37158203125 0.4375 0.37158203125 0.4375 0.396484375 0.44775390625 0.396484375
1 0.43701171875 0.35546875 0.4287109375 0.35546875 0.4287109375 0.3798828125 0.43701171875 0.3798828125
1 0.4248046875 0.33740234375 0.41650390625 0.33740234375 0.41650390625 0.35595703125 0.4248046875 0.35595703125
1 0.40966796875 0.33544921875 0.3955078125 0.33544921875 0.3955078125 0.34912109375 0.40966796875 0.34912109375
1 0.4755859375 0.3525390625000001 0.4638671875 0.3525390625000001 0.4638671875 0.3774414062500001 0.4755859375 0.3774414062500001
0 0.4580078125 0.32031250000000006 0.43701171875 0.3203125 0.43701171875 0.33789062500000006 0.4580078125 0.3378906250000001
0 0.55810546875 0.3759765625000001 0.53076171875 0.3759765625000001 0.53076171875 0.4033203125000001 0.55810546875 0.4033203125000001
1 0.47509765625 0.3164062500000001 0.47021484375 0.3164062500000001 0.47021484375 0.3339843750000001 0.47509765625 0.3339843750000001
1 0.48974609375 0.3115234375000001 0.482421875 0.3115234375000001 0.482421875 0.3271484375000001 0.48974609375 0.3271484375000001
1 0.416015625 0.3076171875 0.40869140625 0.3076171875 0.40869140625 0.32373046875 0.416015625 0.32373046875
1 0.47119140625 0.3051757812500001 0.46533203125 0.3051757812500001 0.46533203125 0.3198242187500001 0.47119140625 0.3198242187500001
0 0.4462890625 0.29150390625 0.42822265625 0.29150390625 0.42822265625 0.322265625 0.4462890625 0.322265625