1 0.60888671875 0.50146484375 0.58154296875 0.50146484375 0.58154296875 0.572265625 0.60888671875 0.572265625
1 0.5917968750000001 0.8486328125 0.53369140625 0.8486328125 0.5336914062500001 1 0.5917968750000002 1
0 0.3916015625000001 0.7763671875 0.2221679687500001 0.7763671875 0.2221679687500001 0.99462890625 0.3916015625000001 0.99462890625
0 0.3886718750000001 0.6337890625 0.2573242187500001 0.6337890625 0.2573242187500001 0.80078125 0.3886718750000001 0.80078125
0 0.4116210937500001 0.55078125 0.3266601562500001 0.55078125 0.3266601562500001 0.646484375 0.4116210937500001 0.646484375
0 0.4306640625000001 0.4990234375 0.3583984375000001 0.4990234375 0.3583984375000001 0.57421875 0.4306640625000001 0.57421875
0 0.4775390625 0.33593750000000006 0.45068359375 0.3359375 0.45068359375 0.36279296875000006 0.4775390625 0.3627929687500001
0 0.61767578125 0.2929687500000001 0.5908203125 0.2929687500000001 0.5908203125 0.3198242187500001 0.61767578125 0.3198242187500001
1 0.5078125 0.3046875000000001 0.49609375 0.3046875000000001 0.49609375 0.3266601562500001 0.5078125 0.3266601562500001
1 0.53076171875 0.2866210937500001 0.52099609375 0.2866210937500001 0.52099609375 0.3076171875000001 0.53076171875 0.3076171875000001
0 0.5703125 0.2602539062500001 0.548828125 0.2602539062500001 0.548828125 0.2905273437500001 0.5703125 0.2905273437500001
1 0.51513671875 0.2661132812500001 0.50927734375 0.2661132812500001 0.50927734375 0.2788085937500001 0.51513671875 0.2788085937500001
1 0.58447265625 0.24365234375000006 0.57958984375 0.24365234375000006 0.57958984375 0.2548828125000001 0.58447265625 0.2548828125000001
0 0.50341796875 0.2539062500000001 0.48779296875 0.2539062500000001 0.48779296875 0.2656250000000001 0.50341796875 0.2656250000000001
0 0.5478515625 0.22802734375000006 0.53857421875 0.22802734375000006 0.53857421875 0.23583984375000006 0.5478515625 0.23583984375000006
0 0.5068359375 0.23193359375000006 0.49462890625 0.23193359375000006 0.49462890625 0.24462890625000006 0.5068359375 0.24462890625000006
1 0.53759765625 0.21630859375000006 0.5322265625 0.21630859375000006 0.5322265625 0.22216796875000006 0.53759765625 0.22216796875000006