1 0.5361328125 0.4423828125000001 0.52685546875 0.4423828125000001 0.52685546875 0.4604492187500001 0.5361328125 0.4604492187500001
0 0.57080078125 0.4526367187500001 0.5478515625 0.4526367187500001 0.5478515625 0.4731445312500001 0.57080078125 0.4731445312500001
0 0.59130859375 0.4423828125000001 0.5703125 0.4423828125000001 0.5703125 0.4589843750000001 0.59130859375 0.4589843750000001
1 0.529296875 0.4609375000000001 0.51904296875 0.4609375000000001 0.51904296875 0.4809570312500001 0.529296875 0.4809570312500001
1 0.51123046875 0.4633789062500001 0.50146484375 0.4633789062500001 0.50146484375 0.4843750000000001 0.51123046875 0.4843750000000001
1 0.60009765625 0.4770507812500001 0.587890625 0.4770507812500001 0.587890625 0.50146484375 0.60009765625 0.50146484375
1 0.6337890625 0.4770507812500001 0.623046875 0.4770507812500001 0.623046875 0.4995117187500001 0.6337890625 0.4995117187500001
1 0.4921875000000001 0.4833984375000001 0.4765625000000001 0.4833984375000001 0.4765625000000001 0.5107421875 0.4921875000000001 0.5107421875
1 0.544921875 0.4897460937500001 0.53125 0.4897460937500001 0.53125 0.51611328125 0.544921875 0.51611328125
1 0.580078125 0.4921875000000001 0.568359375 0.4921875000000001 0.568359375 0.51806640625 0.580078125 0.51806640625
1 0.61767578125 0.5146484375 0.60302734375 0.5146484375 0.60302734375 0.546875 0.61767578125 0.546875
1 0.6025390625 0.4331054687500001 0.595703125 0.4331054687500001 0.595703125 0.4492187500000001 0.6025390625 0.4492187500000001
0 0.59619140625 0.4282226562500001 0.57763671875 0.4282226562500001 0.57763671875 0.4428710937500001 0.59619140625 0.4428710937500001
0 0.638671875 0.4321289062500001 0.599609375 0.4321289062500001 0.599609375 0.4794921875000001 0.638671875 0.4794921875000001
1 0.51416015625 0.58984375 0.4921875000000001 0.58984375 0.4921875000000001 0.6328125 0.51416015625 0.6328125
1 0.5649414062500001 0.86328125 0.52001953125 0.86328125 0.5200195312500001 0.990234375 0.5649414062500002 0.990234375
0 0.7094726562500001 0.79443359375 0.6064453125 0.79443359375 0.6064453125000001 0.9443359375 0.7094726562500002 0.9443359375
0 0.70458984375 0.68994140625 0.62548828125 0.68994140625 0.62548828125 0.783203125 0.70458984375 0.783203125
1 0.7783203125 0.67822265625 0.7099609375 0.67822265625 0.7099609375 0.72705078125 0.7783203125 0.72705078125
0 0.6904296875 0.5595703125 0.646484375 0.5595703125 0.646484375 0.60400390625 0.6904296875 0.60400390625
0 0.68310546875 0.52734375 0.646484375 0.52734375 0.646484375 0.5634765625 0.68310546875 0.5634765625
0 0.68115234375 0.51123046875 0.6474609375 0.51123046875 0.6474609375 0.537109375 0.68115234375 0.537109375
0 0.67333984375 0.4360351562500001 0.654296875 0.4360351562500001 0.654296875 0.4550781250000001 0.67333984375 0.4550781250000001
0 0.6064453125 0.4086914062500001 0.5859375 0.4086914062500001 0.5859375 0.4301757812500001 0.6064453125 0.4301757812500001