1 0.505859375 0.4633789062500001 0.4819335937500001 0.4633789062500001 0.4819335937500001 0.51806640625 0.505859375 0.51806640625
0 0.4545898437500001 0.46679687500000006 0.3842773437500001 0.466796875 0.3842773437500001 0.54443359375 0.4545898437500001 0.54443359375
1 0.48095703125000006 0.4301757812500001 0.46240234375 0.4301757812500001 0.46240234375000006 0.4687500000000001 0.4809570312500001 0.4687500000000001
1 0.34375000000000006 0.42529296875 0.32080078125 0.42529296875 0.32080078125000006 0.46484375 0.3437500000000001 0.46484375
1 0.513671875 0.4038085937500001 0.498046875 0.4038085937500001 0.498046875 0.4423828125000001 0.513671875 0.4423828125000001
0 0.42626953125 0.39404296875 0.3818359375 0.39404296875 0.3818359375 0.4423828125 0.42626953125 0.4423828125
1 0.48291015625 0.3510742187500001 0.46875 0.3510742187500001 0.46875 0.3789062500000001 0.48291015625 0.3789062500000001
0 0.80078125 0.6728515625 0.6474609375 0.6728515625 0.6474609375 0.8447265625 0.80078125 0.8447265625
0 0.3486328125000001 0.5126953125 0.20556640625000006 0.5126953125 0.20556640625000008 0.71240234375 0.3486328125000001 0.71240234375
1 0.466796875 0.3334960937500001 0.45849609375 0.3334960937500001 0.45849609375 0.3549804687500001 0.466796875 0.3549804687500001
1 0.50146484375 0.3305664062500001 0.494140625 0.3305664062500001 0.494140625 0.3515625000000001 0.50146484375 0.3515625000000001
0 0.54931640625 0.3271484375000001 0.51611328125 0.3271484375000001 0.51611328125 0.3706054687500001 0.54931640625 0.3706054687500001
0 0.6005859375 0.3686523437500001 0.5712890625 0.3686523437500001 0.5712890625 0.3969726562500001 0.6005859375 0.3969726562500001
0 0.44775390625 0.33935546875 0.4189453125 0.33935546875 0.4189453125 0.37060546875 0.44775390625 0.37060546875
1 0.40380859375 0.34912109375 0.3935546875 0.34912109375 0.3935546875 0.37451171875 0.40380859375 0.37451171875
1 0.45556640625 0.32812500000000006 0.44873046875 0.328125 0.44873046875 0.34863281250000006 0.45556640625 0.3486328125000001
1 0.44580078125 0.31982421875 0.43994140625 0.31982421875 0.43994140625 0.33935546875 0.44580078125 0.33935546875
1 0.533203125 0.3115234375000001 0.525390625 0.3115234375000001 0.525390625 0.3266601562500001 0.533203125 0.3266601562500001
1 0.50439453125 0.3081054687500001 0.49853515625 0.3081054687500001 0.49853515625 0.3247070312500001 0.50439453125 0.3247070312500001
0 0.49072265625 0.3168945312500001 0.4697265625 0.3168945312500001 0.4697265625 0.3354492187500001 0.49072265625 0.3354492187500001
1 0.5458984375 0.2919921875000001 0.54052734375 0.2919921875000001 0.54052734375 0.3056640625000001 0.5458984375 0.3056640625000001
1 0.53173828125 0.2958984375000001 0.52587890625 0.2958984375000001 0.52587890625 0.3090820312500001 0.53173828125 0.3090820312500001