0 0.4213867187500001 0.8115234375 0.3188476562500001 0.8115234375 0.3188476562500001 0.9580078125 0.4213867187500001 0.9580078125
0 0.4003906250000001 0.7080078125 0.3198242187500001 0.7080078125 0.3198242187500001 0.7998046875 0.4003906250000001 0.7998046875
0 0.8413085937500001 0.6865234375 0.53955078125 0.6865234375 0.5395507812500001 1 0.8413085937500002 1
1 0.8505859375 0.7109375 0.80615234375 0.7109375 0.80615234375 0.7802734375 0.8505859375 0.7802734375
0 0.64697265625 0.55615234375 0.5869140625 0.55615234375 0.5869140625 0.60107421875 0.64697265625 0.60107421875
1 0.4638671875000001 0.51708984375 0.4487304687500001 0.51708984375 0.4487304687500001 0.54443359375 0.4638671875000001 0.54443359375
1 0.4008789062500001 0.4892578125 0.3896484375000001 0.4892578125 0.3896484375000001 0.51416015625 0.4008789062500001 0.51416015625
1 0.52001953125 0.4848632812500001 0.5087890625 0.4848632812500001 0.5087890625 0.50927734375 0.52001953125 0.50927734375
1 0.3901367187500001 0.4716796875 0.3813476562500001 0.4716796875 0.3813476562500001 0.49169921875 0.3901367187500001 0.49169921875
1 0.4287109375000001 0.47265625 0.4204101562500001 0.47265625 0.4204101562500001 0.4931640625 0.4287109375000001 0.4931640625
1 0.4116210937500001 0.470703125 0.4018554687500001 0.470703125 0.4018554687500001 0.4892578125 0.4116210937500001 0.4892578125
1 0.4467773437500001 0.46875 0.4379882812500001 0.46875 0.4379882812500001 0.48876953125 0.4467773437500001 0.48876953125
1 0.4970703125000001 0.4638671875000001 0.4873046875000001 0.4638671875000001 0.4873046875000001 0.4863281250000001 0.4970703125000001 0.4863281250000001
1 0.4760742187500001 0.4541015625000001 0.4663085937500001 0.4541015625000001 0.4663085937500001 0.4716796875000001 0.4760742187500001 0.4716796875000001
1 0.48779296875000006 0.4526367187500001 0.478515625 0.4526367187500001 0.47851562500000006 0.4697265625000001 0.4877929687500001 0.4697265625000001
0 0.45361328125000006 0.45312500000000006 0.43359375 0.453125 0.43359375000000006 0.46923828125000006 0.4536132812500001 0.4692382812500001
0 0.43505859375000006 0.443359375 0.41796875 0.443359375 0.41796875000000006 0.45751953125 0.4350585937500001 0.45751953125
0 0.3662109375000001 0.45458984375 0.3476562500000001 0.45458984375 0.3476562500000001 0.47412109375 0.3662109375000001 0.47412109375
0 0.40722656250000006 0.43798828125 0.37353515625 0.43798828125 0.37353515625000006 0.4765625 0.4072265625000001 0.4765625
0 0.4287109375 0.4345703125 0.4130859375 0.4345703125 0.4130859375 0.44775390625 0.4287109375 0.44775390625
0 0.3754882812500001 0.57763671875 0.3320312500000001 0.57763671875 0.3320312500000001 0.62255859375 0.3754882812500001 0.62255859375
0 0.3745117187500001 0.54638671875 0.3388671875000001 0.54638671875 0.3388671875000001 0.58203125 0.3745117187500001 0.58203125
0 0.3745117187500001 0.5302734375 0.3408203125000001 0.5302734375 0.3408203125000001 0.55810546875 0.3745117187500001 0.55810546875