0 0.3969726562500001 0.70458984375 0.3208007812500001 0.70458984375 0.3208007812500001 0.80517578125 0.3969726562500001 0.80517578125
1 0.3037109375000001 0.701171875 0.2441406250000001 0.701171875 0.2441406250000001 0.73876953125 0.3037109375000001 0.73876953125
0 0.4174804687500001 0.80712890625 0.3183593750000001 0.80712890625 0.3183593750000001 0.96923828125 0.4174804687500001 0.96923828125
0 0.8593750000000001 0.73828125 0.57666015625 0.73828125 0.5766601562500001 1 0.8593750000000002 1
1 0.92041015625 0.7602539062500001 0.87109375 0.76025390625 0.87109375 0.8334960937500001 0.92041015625 0.8334960937500002
1 0.4682617187500001 0.521484375 0.4536132812500001 0.521484375 0.4536132812500001 0.54833984375 0.4682617187500001 0.54833984375
1 0.52587890625 0.4902343750000001 0.51513671875 0.4902343750000001 0.51513671875 0.513671875 0.52587890625 0.513671875
1 0.501953125 0.4638671875000001 0.4887695312500001 0.4638671875000001 0.4887695312500001 0.4853515625000001 0.501953125 0.4853515625000001
1 0.4892578125000001 0.4536132812500001 0.4794921875000001 0.4536132812500001 0.4794921875000001 0.4702148437500001 0.4892578125000001 0.4702148437500001
1 0.4765625000000001 0.4545898437500001 0.4682617187500001 0.4545898437500001 0.4682617187500001 0.4741210937500001 0.4765625000000001 0.4741210937500001
1 0.4497070312500001 0.47314453125 0.4399414062500001 0.47314453125 0.4399414062500001 0.49072265625 0.4497070312500001 0.49072265625
1 0.4287109375000001 0.474609375 0.4194335937500001 0.474609375 0.4194335937500001 0.4970703125 0.4287109375000001 0.4970703125
1 0.3999023437500001 0.49365234375 0.3876953125000001 0.49365234375 0.3876953125000001 0.51806640625 0.3999023437500001 0.51806640625
1 0.3891601562500001 0.4736328125 0.3784179687500001 0.4736328125 0.3784179687500001 0.4921875 0.3891601562500001 0.4921875
1 0.4116210937500001 0.47314453125 0.4003906250000001 0.47314453125 0.4003906250000001 0.49267578125 0.4116210937500001 0.49267578125
0 0.66650390625 0.57373046875 0.6015625 0.57373046875 0.6015625 0.62158203125 0.66650390625 0.62158203125
0 0.3750000000000001 0.58251953125 0.3295898437500001 0.58251953125 0.3295898437500001 0.62158203125 0.3750000000000001 0.62158203125
0 0.3740234375000001 0.54638671875 0.3378906250000001 0.54638671875 0.3378906250000001 0.5791015625 0.3740234375000001 0.5791015625
0 0.3745117187500001 0.53076171875 0.3393554687500001 0.53076171875 0.3393554687500001 0.55615234375 0.3745117187500001 0.55615234375
0 0.40429687500000006 0.439453125 0.37548828125 0.439453125 0.37548828125000006 0.47607421875 0.4042968750000001 0.47607421875
0 0.3623046875000001 0.45361328125 0.3486328125000001 0.45361328125 0.3486328125000001 0.470703125 0.3623046875000001 0.470703125
0 0.4541015625000001 0.45410156250000006 0.4355468750000001 0.4541015625 0.4355468750000001 0.47070312500000006 0.4541015625000001 0.4707031250000001
0 0.43457031250000006 0.44580078125 0.416015625 0.44580078125 0.41601562500000006 0.45849609375 0.4345703125000001 0.45849609375