1 0.54248046875 0.4389648437500001 0.533203125 0.4389648437500001 0.533203125 0.4565429687500001 0.54248046875 0.4565429687500001
0 0.5693359375 0.4511718750000001 0.54736328125 0.4511718750000001 0.54736328125 0.4697265625000001 0.5693359375 0.4697265625000001
0 0.58740234375 0.4409179687500001 0.568359375 0.4409179687500001 0.568359375 0.4584960937500001 0.58740234375 0.4584960937500001
1 0.533203125 0.4555664062500001 0.52294921875 0.4555664062500001 0.52294921875 0.4755859375000001 0.533203125 0.4755859375000001
1 0.517578125 0.4555664062500001 0.5078125 0.4555664062500001 0.5078125 0.4750976562500001 0.517578125 0.4750976562500001
1 0.505859375 0.4692382812500001 0.4941406250000001 0.4692382812500001 0.4941406250000001 0.4926757812500001 0.505859375 0.4926757812500001
1 0.55712890625 0.4755859375000001 0.5458984375 0.4755859375000001 0.5458984375 0.4970703125000001 0.55712890625 0.4970703125000001
0 0.6933593750000001 0.80224609375 0.59130859375 0.80224609375 0.5913085937500001 0.94677734375 0.6933593750000002 0.94677734375
0 0.6923828125 0.69873046875 0.611328125 0.69873046875 0.611328125 0.79736328125 0.6923828125 0.79736328125
0 0.3432617187500001 0.6181640625 0.2514648437500001 0.6181640625 0.2514648437500001 0.68408203125 0.3432617187500001 0.68408203125
1 0.53759765625 0.5400390625 0.521484375 0.5400390625 0.521484375 0.5771484375 0.53759765625 0.5771484375
1 0.61572265625 0.4990234375000001 0.60302734375 0.4990234375000001 0.60302734375 0.52587890625 0.61572265625 0.52587890625
1 0.58154296875 0.4790039062500001 0.572265625 0.4790039062500001 0.572265625 0.50146484375 0.58154296875 0.50146484375
1 0.60009765625 0.4711914062500001 0.59033203125 0.4711914062500001 0.59033203125 0.4936523437500001 0.60009765625 0.4936523437500001
1 0.62744140625 0.4726562500000001 0.61767578125 0.4726562500000001 0.61767578125 0.4941406250000001 0.62744140625 0.4941406250000001
0 0.66259765625 0.4453125000000001 0.64501953125 0.4453125000000001 0.64501953125 0.4643554687500001 0.66259765625 0.4643554687500001
0 0.5927734375 0.4301757812500001 0.57568359375 0.4301757812500001 0.57568359375 0.4448242187500001 0.5927734375 0.4448242187500001
0 0.6337890625 0.4340820312500001 0.59814453125 0.4340820312500001 0.59814453125 0.4750976562500001 0.6337890625 0.4750976562500001
0 0.67919921875 0.56884765625 0.63623046875 0.56884765625 0.63623046875 0.6123046875 0.67919921875 0.6123046875
0 0.6015625 0.4135742187500001 0.58349609375 0.4135742187500001 0.58349609375 0.4326171875000001 0.6015625 0.4326171875000001
0 0.67138671875 0.541015625 0.6376953125 0.541015625 0.6376953125 0.5712890625 0.67138671875 0.5712890625
0 0.6708984375 0.52099609375 0.63720703125 0.52099609375 0.63720703125 0.54736328125 0.6708984375 0.54736328125
0 0.66015625 0.4272460937500001 0.64501953125 0.4272460937500001 0.64501953125 0.4409179687500001 0.66015625 0.4409179687500001