0 0.3867187500000001 0.69677734375 0.3061523437500001 0.69677734375 0.3061523437500001 0.79931640625 0.3867187500000001 0.79931640625
1 0.2993164062500001 0.685546875 0.2343750000000001 0.685546875 0.2343750000000001 0.72998046875 0.2993164062500001 0.72998046875
1 0.4833984375000001 0.546875 0.4648437500000001 0.546875 0.4648437500000001 0.58544921875 0.4833984375000001 0.58544921875
0 0.4062500000000001 0.7998046875 0.3051757812500001 0.7998046875 0.3051757812500001 0.9443359375 0.4062500000000001 0.9443359375
0 0.7763671875 0.63671875 0.677734375 0.63671875 0.677734375 0.70849609375 0.7763671875 0.70849609375
1 0.3974609375000001 0.50048828125 0.3852539062500001 0.50048828125 0.3852539062500001 0.5302734375 0.3974609375000001 0.5302734375
1 0.4570312500000001 0.47705078125000006 0.4458007812500001 0.47705078125 0.4458007812500001 0.49951171875000006 0.4570312500000001 0.4995117187500001
1 0.4282226562500001 0.48095703125 0.4184570312500001 0.48095703125 0.4184570312500001 0.50341796875 0.4282226562500001 0.50341796875
1 0.50830078125 0.4702148437500001 0.4960937500000001 0.4702148437500001 0.4960937500000001 0.4941406250000001 0.50830078125 0.4941406250000001
1 0.3818359375000001 0.47265625 0.3720703125000001 0.47265625 0.3720703125000001 0.494140625 0.3818359375000001 0.494140625
1 0.4101562500000001 0.4716796875 0.3999023437500001 0.4716796875 0.3999023437500001 0.49365234375 0.4101562500000001 0.49365234375
1 0.4770507812500001 0.4560546875000001 0.4677734375000001 0.4560546875000001 0.4677734375000001 0.4741210937500001 0.4770507812500001 0.4741210937500001
1 0.4926757812500001 0.4555664062500001 0.4838867187500001 0.4555664062500001 0.4838867187500001 0.4736328125000001 0.4926757812500001 0.4736328125000001
0 0.35351562500000006 0.44287109375 0.33447265625 0.44287109375 0.33447265625000006 0.46240234375 0.3535156250000001 0.46240234375
0 0.45312500000000006 0.45068359375 0.4306640625 0.45068359375 0.43066406250000006 0.4697265625 0.4531250000000001 0.4697265625
1 0.46728515625000006 0.4389648437500001 0.458984375 0.4389648437500001 0.45898437500000006 0.4570312500000001 0.4672851562500001 0.4570312500000001
0 0.43115234375000006 0.43994140625 0.41259765625 0.43994140625 0.41259765625000006 0.4580078125 0.4311523437500001 0.4580078125
0 0.3627929687500001 0.56640625 0.3183593750000001 0.56640625 0.3183593750000001 0.609375 0.3627929687500001 0.609375
0 0.3623046875000001 0.53515625 0.3261718750000001 0.53515625 0.3261718750000001 0.5693359375 0.3623046875000001 0.5693359375
0 0.3608398437500001 0.517578125 0.3291015625000001 0.517578125 0.3291015625000001 0.54248046875 0.3608398437500001 0.54248046875
0 0.40234375000000006 0.43408203125 0.36572265625 0.43408203125 0.36572265625000006 0.4755859375 0.4023437500000001 0.4755859375
0 0.42431640625 0.42919921875 0.40771484375 0.42919921875 0.40771484375 0.44384765625 0.42431640625 0.44384765625
0 0.41650390625 0.412109375 0.39794921875 0.412109375 0.39794921875 0.43212890625 0.41650390625 0.43212890625