0 0.6181640625 0.4345703125000001 0.5537109375 0.4345703125000001 0.5537109375 0.5234375 0.6181640625 0.5234375
1 0.51904296875 0.4677734375000001 0.4995117187500001 0.4677734375000001 0.4995117187500001 0.5234375 0.51904296875 0.5234375
1 0.50732421875 0.5458984375 0.4829101562500001 0.5458984375 0.4829101562500001 0.587890625 0.50732421875 0.587890625
1 0.54443359375 0.513671875 0.52392578125 0.513671875 0.52392578125 0.56005859375 0.54443359375 0.56005859375
0 0.62890625 0.54296875 0.5771484375 0.54296875 0.5771484375 0.59619140625 0.62890625 0.59619140625
1 0.69091796875 0.5244140625 0.66796875 0.5244140625 0.66796875 0.56640625 0.69091796875 0.56640625
0 0.33935546875 0.14794921875000003 0.20166015625 0.14794921875 0.20166015625000003 0.33544921875 0.33935546875 0.33544921875
0 0.83349609375 0.22265625000000008 0.67529296875 0.22265625000000006 0.67529296875 0.4492187500000001 0.83349609375 0.4492187500000001
0 0.35498046875 0.318359375 0.27294921875 0.318359375 0.27294921875 0.4130859375 0.35498046875 0.4130859375
0 0.37890625000000006 0.39599609375 0.31298828125 0.39599609375 0.31298828125000006 0.47021484375 0.3789062500000001 0.47021484375
0 0.4287109375000001 0.60498046875 0.3999023437500001 0.60498046875 0.3999023437500001 0.63232421875 0.4287109375000001 0.63232421875
0 0.4868164062500001 0.62890625 0.4531250000000001 0.62890625 0.4531250000000001 0.6728515625 0.4868164062500001 0.6728515625
0 0.4345703125000001 0.62548828125 0.4062500000000001 0.62548828125 0.4062500000000001 0.650390625 0.4345703125000001 0.650390625
0 0.4404296875000001 0.6357421875 0.4135742187500001 0.6357421875 0.4135742187500001 0.66357421875 0.4404296875000001 0.66357421875
0 0.4990234375000001 0.693359375 0.4750976562500001 0.693359375 0.4750976562500001 0.7236328125 0.4990234375000001 0.7236328125
0 0.517578125 0.68798828125 0.50048828125 0.68798828125 0.50048828125 0.703125 0.517578125 0.703125
0 0.53369140625 0.6630859375 0.5126953125 0.6630859375 0.5126953125 0.681640625 0.53369140625 0.681640625
0 0.5859375 0.62451171875 0.55615234375 0.62451171875 0.55615234375 0.6572265625 0.5859375 0.6572265625
1 0.53466796875 0.61767578125 0.51953125 0.61767578125 0.51953125 0.64697265625 0.53466796875 0.64697265625
1 0.6123046875 0.62255859375 0.60107421875 0.62255859375 0.60107421875 0.64697265625 0.6123046875 0.64697265625
1 0.56298828125 0.66015625 0.556640625 0.66015625 0.556640625 0.67529296875 0.56298828125 0.67529296875
1 0.5439453125 0.64208984375 0.53369140625 0.64208984375 0.53369140625 0.6640625 0.5439453125 0.6640625
1 0.55419921875 0.6494140625 0.54541015625 0.6494140625 0.54541015625 0.66796875 0.55419921875 0.66796875
1 0.5107421875 0.64794921875 0.5009765625 0.64794921875 0.5009765625 0.66748046875 0.5107421875 0.66748046875
1 0.50537109375 0.67578125 0.4951171875000001 0.67578125 0.4951171875000001 0.68994140625 0.50537109375 0.68994140625
1 0.4755859375000001 0.67431640625 0.4658203125000001 0.67431640625 0.4658203125000001 0.6875 0.4755859375000001 0.6875
1 0.4755859375000001 0.6904296875 0.4692382812500001 0.6904296875 0.4692382812500001 0.703125 0.4755859375000001 0.703125
1 0.4594726562500001 0.6943359375 0.4550781250000001 0.6943359375 0.4550781250000001 0.7080078125 0.4594726562500001 0.7080078125
1 0.4633789062500001 0.71044921875 0.4575195312500001 0.71044921875 0.4575195312500001 0.72412109375 0.4633789062500001 0.72412109375
1 0.541015625 0.6826171875 0.53076171875 0.6826171875 0.53076171875 0.6982421875 0.541015625 0.6982421875
1 0.52783203125 0.685546875 0.5224609375 0.685546875 0.5224609375 0.70068359375 0.52783203125 0.70068359375
1 0.53955078125 0.7041015625 0.53173828125 0.7041015625 0.53173828125 0.716796875 0.53955078125 0.716796875
1 0.54248046875 0.6953125 0.5341796875 0.6953125 0.5341796875 0.7060546875 0.54248046875 0.7060546875
1 0.56591796875 0.67236328125 0.5576171875 0.67236328125 0.5576171875 0.6865234375 0.56591796875 0.6865234375