0 0.48974609375 0.10546875000000004 0.26953125 0.10546875000000003 0.26953125 0.36328125000000006 0.48974609375 0.3632812500000001
0 0.6748046875 0.19189453125000006 0.5947265625 0.19189453125000006 0.5947265625 0.2905273437500001 0.6748046875 0.2905273437500001
0 0.6796875 0.18554687500000006 0.6748046875 0.18554687500000006 0.6748046875 0.18652343750000006 0.6796875 0.18652343750000006
0 0.67626953125 0.040039062500000076 0.57373046875 0.04003906250000007 0.57373046875 0.18554687500000006 0.67626953125 0.18554687500000006
0 0.66259765625 0.3750000000000001 0.6201171875 0.3750000000000001 0.6201171875 0.4194335937500001 0.66259765625 0.4194335937500001
1 0.26953125 0.28857421875 0.23291015625000006 0.28857421875 0.23291015625000006 0.34423828125 0.26953125 0.34423828125
0 0.43212890625000006 0.41796875 0.3798828125 0.41796875 0.37988281250000006 0.4580078125 0.4321289062500001 0.4580078125
0 0.55419921875 0.4663085937500001 0.5400390625 0.4663085937500001 0.5400390625 0.4951171875000001 0.55419921875 0.4951171875000001
0 0.65625 0.4169921875000001 0.6201171875 0.4169921875000001 0.6201171875 0.4516601562500001 0.65625 0.4516601562500001
0 0.654296875 0.4375000000000001 0.62060546875 0.4375000000000001 0.62060546875 0.4672851562500001 0.654296875 0.4672851562500001
1 0.4960937500000001 0.4995117187500001 0.4863281250000001 0.4995117187500001 0.4863281250000001 0.51953125 0.4960937500000001 0.51953125
1 0.60595703125 0.4912109375000001 0.5966796875 0.4912109375000001 0.5966796875 0.513671875 0.60595703125 0.513671875
1 0.61474609375 0.51123046875 0.60595703125 0.51123046875 0.60595703125 0.52978515625 0.61474609375 0.52978515625
1 0.5947265625 0.51220703125 0.5859375 0.51220703125 0.5859375 0.53125 0.5947265625 0.53125
1 0.5771484375 0.51123046875 0.5693359375 0.51123046875 0.5693359375 0.52978515625 0.5771484375 0.52978515625
1 0.5625 0.515625 0.5537109375 0.515625 0.5537109375 0.53466796875 0.5625 0.53466796875
1 0.51513671875 0.51904296875 0.505859375 0.51904296875 0.505859375 0.5390625 0.51513671875 0.5390625
0 0.5654296875 0.5322265625 0.54541015625 0.5322265625 0.54541015625 0.5478515625 0.5654296875 0.5478515625
0 0.64794921875 0.5244140625 0.62890625 0.5244140625 0.62890625 0.54296875 0.64794921875 0.54296875
1 0.533203125 0.53173828125 0.5244140625 0.53173828125 0.5244140625 0.546875 0.533203125 0.546875
1 0.5234375 0.53271484375 0.5146484375 0.53271484375 0.5146484375 0.54931640625 0.5234375 0.54931640625
0 0.58056640625 0.5439453125 0.5625 0.5439453125 0.5625 0.5576171875 0.58056640625 0.5576171875
0 0.62255859375 0.52587890625 0.5908203125 0.52587890625 0.5908203125 0.5625 0.62255859375 0.5625