1 0.4643554687500001 0.57421875 0.4335937500000001 0.57421875 0.4335937500000001 0.6513671875 0.4643554687500001 0.6513671875
0 0.78369140625 0.671875 0.64794921875 0.671875 0.64794921875 0.853515625 0.78369140625 0.853515625
0 0.71826171875 0.5849609375 0.626953125 0.5849609375 0.626953125 0.6884765625 0.71826171875 0.6884765625
0 0.68701171875 0.53173828125 0.60595703125 0.53173828125 0.60595703125 0.61669921875 0.68701171875 0.61669921875
1 0.50146484375 0.4086914062500001 0.48681640625 0.4086914062500001 0.48681640625 0.4458007812500001 0.50146484375 0.4458007812500001
0 0.46240234375 0.39697265625000006 0.4150390625 0.39697265625 0.4150390625 0.44677734375000006 0.46240234375 0.4467773437500001
0 0.40966796875000006 0.4091796875 0.3349609375 0.4091796875 0.33496093750000006 0.5146484375 0.4096679687500001 0.5146484375
1 0.37353515625 0.3837890625 0.357421875 0.3837890625 0.357421875 0.41455078125 0.37353515625 0.41455078125
0 0.443359375 0.3603515625 0.40869140625 0.3603515625 0.40869140625 0.3935546875 0.443359375 0.3935546875
1 0.47802734375 0.3793945312500001 0.46630859375 0.3793945312500001 0.46630859375 0.4111328125000001 0.47802734375 0.4111328125000001
1 0.50732421875 0.3715820312500001 0.494140625 0.3715820312500001 0.494140625 0.4008789062500001 0.50732421875 0.4008789062500001
0 0.59130859375 0.3696289062500001 0.560546875 0.3696289062500001 0.560546875 0.4008789062500001 0.59130859375 0.4008789062500001
0 0.583984375 0.3530273437500001 0.55615234375 0.3530273437500001 0.55615234375 0.3774414062500001 0.583984375 0.3774414062500001
0 0.57666015625 0.3378906250000001 0.55078125 0.3378906250000001 0.55078125 0.3676757812500001 0.57666015625 0.3676757812500001
0 0.5478515625 0.3222656250000001 0.50732421875 0.3222656250000001 0.50732421875 0.3642578125000001 0.5478515625 0.3642578125000001
1 0.48193359375 0.3320312500000001 0.4716796875 0.3320312500000001 0.4716796875 0.3564453125000001 0.48193359375 0.3564453125000001
0 0.44775390625 0.32470703125 0.42041015625 0.32470703125 0.42041015625 0.3515625 0.44775390625 0.3515625
1 0.41064453125 0.33251953125 0.400390625 0.33251953125 0.400390625 0.35693359375 0.41064453125 0.35693359375
1 0.50244140625 0.3193359375000001 0.4931640625 0.3193359375000001 0.4931640625 0.3383789062500001 0.50244140625 0.3383789062500001
1 0.46484375 0.3164062500000001 0.455078125 0.3164062500000001 0.455078125 0.3364257812500001 0.46484375 0.3364257812500001
1 0.45166015625 0.31298828125 0.44384765625 0.31298828125 0.44384765625 0.33251953125 0.45166015625 0.33251953125
0 0.513671875 0.3110351562500001 0.49560546875 0.3110351562500001 0.49560546875 0.3276367187500001 0.513671875 0.3276367187500001
1 0.52099609375 0.3037109375000001 0.513671875 0.3037109375000001 0.513671875 0.3183593750000001 0.52099609375 0.3183593750000001
1 0.5009765625 0.2988281250000001 0.4931640625 0.2988281250000001 0.4931640625 0.3159179687500001 0.5009765625 0.3159179687500001
1 0.4462890625 0.30029296875 0.43798828125 0.30029296875 0.43798828125 0.31494140625 0.4462890625 0.31494140625
0 0.48681640625 0.3095703125000001 0.466796875 0.3095703125000001 0.466796875 0.3266601562500001 0.48681640625 0.3266601562500001
1 0.4814453125 0.2978515625000001 0.47314453125 0.2978515625000001 0.47314453125 0.3110351562500001 0.4814453125 0.3110351562500001
0 0.49462890625 0.2900390625000001 0.47900390625 0.2900390625000001 0.47900390625 0.3037109375000001 0.49462890625 0.3037109375000001
1 0.47216796875 0.2905273437500001 0.466796875 0.2905273437500001 0.466796875 0.3056640625000001 0.47216796875 0.3056640625000001
1 0.4638671875 0.2929687500000001 0.45654296875 0.2929687500000001 0.45654296875 0.3076171875000001 0.4638671875 0.3076171875000001
1 0.466796875 0.2856445312500001 0.46142578125 0.2856445312500001 0.46142578125 0.2988281250000001 0.466796875 0.2988281250000001
1 0.5205078125 0.2905273437500001 0.51416015625 0.2905273437500001 0.51416015625 0.3037109375000001 0.5205078125 0.3037109375000001
1 0.53369140625 0.2895507812500001 0.52880859375 0.2895507812500001 0.52880859375 0.3032226562500001 0.53369140625 0.3032226562500001
0 0.5537109375 0.2885742187500001 0.53759765625 0.2885742187500001 0.53759765625 0.3022460937500001 0.5537109375 0.3022460937500001
0 0.52001953125 0.2719726562500001 0.4970703125 0.2719726562500001 0.4970703125 0.2983398437500001 0.52001953125 0.2983398437500001
1 0.46484375 0.2773437500000001 0.4599609375 0.2773437500000001 0.4599609375 0.2900390625000001 0.46484375 0.2900390625000001
0 0.2954101562500001 0.7470703125 0.11425781250000008 0.7470703125 0.1142578125000001 0.96923828125 0.2954101562500001 0.96923828125