1 0.41845703125 0.004394531250000048 0.35595703125 0.004394531250000043 0.35595703125 0.15820312500000006 0.41845703125 0.15820312500000006
0 0.4545898437500001 0.49121093750000006 0.3940429687500001 0.4912109375 0.3940429687500001 0.56298828125 0.4545898437500001 0.56298828125
1 0.4990234375000001 0.50732421875 0.4838867187500001 0.50732421875 0.4838867187500001 0.556640625 0.4990234375000001 0.556640625
0 0.37158203125000006 0.3642578125 0.26171875 0.3642578125 0.26171875000000006 0.5283203125 0.3715820312500001 0.5283203125
0 0.79052734375 0.15771484375000008 0.64306640625 0.15771484375000006 0.64306640625 0.3334960937500001 0.79052734375 0.3334960937500001
0 0.7197265625 0.3115234375000001 0.6337890625 0.3115234375000001 0.6337890625 0.4155273437500001 0.7197265625 0.4155273437500001
0 0.685546875 0.3862304687500001 0.61474609375 0.3862304687500001 0.61474609375 0.4677734375000001 0.685546875 0.4677734375000001
1 0.4775390625000001 0.5537109375 0.4589843750000001 0.5537109375 0.4589843750000001 0.58447265625 0.4775390625000001 0.58447265625
1 0.3500976562500001 0.5546875 0.3330078125000001 0.5546875 0.3330078125000001 0.59033203125 0.3500976562500001 0.59033203125
1 0.50830078125 0.5751953125 0.4926757812500001 0.5751953125 0.4926757812500001 0.6044921875 0.50830078125 0.6044921875
1 0.4013671875000001 0.63037109375 0.3930664062500001 0.63037109375 0.3930664062500001 0.6552734375 0.4013671875000001 0.6552734375
0 0.4316406250000001 0.578125 0.3911132812500001 0.578125 0.3911132812500001 0.615234375 0.4316406250000001 0.615234375
1 0.4785156250000001 0.6298828125 0.4643554687500001 0.6298828125 0.4643554687500001 0.65576171875 0.4785156250000001 0.65576171875
1 0.4643554687500001 0.6513671875 0.4536132812500001 0.6513671875 0.4536132812500001 0.67138671875 0.4643554687500001 0.67138671875
1 0.4980468750000001 0.65234375 0.4912109375000001 0.65234375 0.4912109375000001 0.67333984375 0.4980468750000001 0.67333984375
1 0.4506835937500001 0.65625 0.4448242187500001 0.65625 0.4448242187500001 0.67529296875 0.4506835937500001 0.67529296875
1 0.4428710937500001 0.66455078125 0.4360351562500001 0.66455078125 0.4360351562500001 0.68310546875 0.4428710937500001 0.68310546875
1 0.50146484375 0.6806640625 0.4926757812500001 0.6806640625 0.4926757812500001 0.6943359375 0.50146484375 0.6943359375
1 0.52587890625 0.67431640625 0.5205078125 0.67431640625 0.5205078125 0.6904296875 0.52587890625 0.6904296875
1 0.4638671875000001 0.6875 0.4575195312500001 0.6875 0.4575195312500001 0.70458984375 0.4638671875000001 0.70458984375
1 0.4785156250000001 0.68505859375 0.4692382812500001 0.68505859375 0.4692382812500001 0.69677734375 0.4785156250000001 0.69677734375
1 0.52490234375 0.69287109375 0.5185546875 0.69287109375 0.5185546875 0.70654296875 0.52490234375 0.70654296875
1 0.5390625 0.6943359375 0.5322265625 0.6943359375 0.5322265625 0.7080078125 0.5390625 0.7080078125
0 0.544921875 0.630859375 0.51025390625 0.630859375 0.51025390625 0.67333984375 0.544921875 0.67333984375
0 0.4433593750000001 0.634765625 0.4150390625000001 0.634765625 0.4150390625000001 0.66455078125 0.4433593750000001 0.66455078125
0 0.4853515625000001 0.6689453125 0.4658203125000001 0.6689453125 0.4658203125000001 0.68505859375 0.4853515625000001 0.68505859375
0 0.52099609375 0.69873046875 0.4970703125000001 0.69873046875 0.4970703125000001 0.7255859375 0.52099609375 0.7255859375
0 0.4951171875000001 0.69140625 0.4799804687500001 0.69140625 0.4799804687500001 0.7060546875 0.4951171875000001 0.7060546875
0 0.5009765625 0.71435546875 0.4868164062500001 0.71435546875 0.4868164062500001 0.72509765625 0.5009765625 0.72509765625
0 0.556640625 0.69970703125 0.541015625 0.69970703125 0.541015625 0.71240234375 0.556640625 0.71240234375
0 0.595703125 0.6025390625 0.56298828125 0.6025390625 0.56298828125 0.62939453125 0.595703125 0.62939453125
0 0.5859375 0.62548828125 0.560546875 0.62548828125 0.560546875 0.64892578125 0.5859375 0.64892578125
0 0.57666015625 0.63427734375 0.552734375 0.63427734375 0.552734375 0.6630859375 0.57666015625 0.6630859375