1 0.21875000000000006 0.24658203125 0.18359375000000006 0.24658203125 0.18359375000000006 0.30517578125 0.21875000000000006 0.30517578125
0 0.6767578125 0.035644531250000076 0.57861328125 0.03564453125000007 0.57861328125 0.18457031250000006 0.6767578125 0.18457031250000006
0 0.673828125 0.19433593750000006 0.591796875 0.19433593750000006 0.591796875 0.2890625000000001 0.673828125 0.2890625000000001
0 0.4609375 0.019531250000000038 0.1982421875 0.01953125000000002 0.19824218750000003 0.33007812500000006 0.4609375 0.3300781250000001
0 0.66162109375 0.3745117187500001 0.61865234375 0.3745117187500001 0.61865234375 0.4194335937500001 0.66162109375 0.4194335937500001
0 0.416015625 0.40576171875 0.35791015625 0.40576171875 0.35791015625 0.4482421875 0.416015625 0.4482421875
1 0.548828125 0.4580078125000001 0.53466796875 0.4580078125000001 0.53466796875 0.4863281250000001 0.548828125 0.4863281250000001
1 0.4897460937500001 0.4912109375000001 0.4785156250000001 0.4912109375000001 0.4785156250000001 0.5166015625 0.4897460937500001 0.5166015625
1 0.6044921875 0.4858398437500001 0.59423828125 0.4858398437500001 0.59423828125 0.5107421875 0.6044921875 0.5107421875
1 0.57373046875 0.50830078125 0.56689453125 0.50830078125 0.56689453125 0.52587890625 0.57373046875 0.52587890625
1 0.59130859375 0.509765625 0.583984375 0.509765625 0.583984375 0.52880859375 0.59130859375 0.52880859375
1 0.61328125 0.5107421875 0.6044921875 0.5107421875 0.6044921875 0.52685546875 0.61328125 0.52685546875
1 0.5087890625 0.5166015625 0.50048828125 0.5166015625 0.50048828125 0.53564453125 0.5087890625 0.53564453125
1 0.5576171875 0.51318359375 0.54931640625 0.51318359375 0.54931640625 0.53076171875 0.5576171875 0.53076171875