0 0.6923828125000001 0.79541015625 0.59375 0.79541015625 0.5937500000000001 0.953125 0.6923828125000002 0.953125
0 0.3046875000000001 0.6474609375 0.19335937500000006 0.6474609375 0.19335937500000008 0.73779296875 0.3046875000000001 0.73779296875
0 0.6923828125 0.6923828125 0.6181640625 0.6923828125 0.6181640625 0.79150390625 0.6923828125 0.79150390625
1 0.77001953125 0.6826171875 0.6982421875 0.6826171875 0.6982421875 0.72705078125 0.77001953125 0.72705078125
1 0.53173828125 0.55029296875 0.50927734375 0.55029296875 0.50927734375 0.58984375 0.53173828125 0.58984375
1 0.615234375 0.50146484375 0.6005859375 0.50146484375 0.6005859375 0.533203125 0.615234375 0.533203125
1 0.626953125 0.4736328125000001 0.6181640625 0.4736328125000001 0.6181640625 0.4951171875000001 0.626953125 0.4951171875000001
1 0.59765625 0.4726562500000001 0.5859375 0.4726562500000001 0.5859375 0.4946289062500001 0.59765625 0.4946289062500001
1 0.58154296875 0.4804687500000001 0.5693359375 0.4804687500000001 0.5693359375 0.5068359375 0.58154296875 0.5068359375
1 0.55224609375 0.4794921875000001 0.541015625 0.4794921875000001 0.541015625 0.5 0.55224609375 0.5
1 0.501953125 0.4726562500000001 0.4853515625000001 0.4726562500000001 0.4853515625000001 0.4985351562500001 0.501953125 0.4985351562500001
1 0.4541015625000001 0.51220703125 0.4345703125000001 0.51220703125 0.4345703125000001 0.54541015625 0.4541015625000001 0.54541015625
1 0.51611328125 0.4545898437500001 0.5048828125 0.4545898437500001 0.5048828125 0.4721679687500001 0.51611328125 0.4721679687500001
1 0.53271484375 0.4560546875000001 0.5205078125 0.4560546875000001 0.5205078125 0.4731445312500001 0.53271484375 0.4731445312500001
1 0.5380859375 0.4379882812500001 0.52783203125 0.4379882812500001 0.52783203125 0.4555664062500001 0.5380859375 0.4555664062500001
0 0.6787109375 0.5654296875 0.63232421875 0.5654296875 0.63232421875 0.611328125 0.6787109375 0.611328125
0 0.6728515625 0.53515625 0.63427734375 0.53515625 0.63427734375 0.568359375 0.6728515625 0.568359375
0 0.666015625 0.5185546875 0.634765625 0.5185546875 0.634765625 0.54443359375 0.666015625 0.54443359375
0 0.62841796875 0.4335937500000001 0.59619140625 0.4335937500000001 0.59619140625 0.4741210937500001 0.62841796875 0.4741210937500001
0 0.66357421875 0.4414062500000001 0.6455078125 0.4414062500000001 0.6455078125 0.4555664062500001 0.66357421875 0.4555664062500001
0 0.56689453125 0.4487304687500001 0.5458984375 0.4487304687500001 0.5458984375 0.4687500000000001 0.56689453125 0.4687500000000001
0 0.58544921875 0.4409179687500001 0.56494140625 0.4409179687500001 0.56494140625 0.4570312500000001 0.58544921875 0.4570312500000001
0 0.58984375 0.4282226562500001 0.5751953125 0.4282226562500001 0.5751953125 0.4433593750000001 0.58984375 0.4433593750000001
0 0.599609375 0.4086914062500001 0.5830078125 0.4086914062500001 0.5830078125 0.4326171875000001 0.599609375 0.4326171875000001