1 0.2651367187500001 0.76611328125 0.2065429687500001 0.76611328125 0.2065429687500001 0.89892578125 0.2651367187500001 0.89892578125
1 0.21240234375000008 0.62744140625 0.16210937500000006 0.62744140625 0.16210937500000008 0.69775390625 0.2124023437500001 0.69775390625
1 0.4780273437500001 0.56640625 0.4482421875000001 0.56640625 0.4482421875000001 0.62646484375 0.4780273437500001 0.62646484375
1 0.77294921875 0.6787109375 0.68798828125 0.6787109375 0.68798828125 0.736328125 0.77294921875 0.736328125
0 0.67919921875 0.52587890625 0.64306640625 0.52587890625 0.64306640625 0.5888671875 0.67919921875 0.5888671875
0 0.66845703125 0.69775390625 0.5390625 0.69775390625 0.5390625 0.8203125 0.66845703125 0.8203125
0 0.505859375 0.48339843750000006 0.4462890625000001 0.4833984375 0.4462890625000001 0.52294921875 0.505859375 0.52294921875
1 0.5986328125 0.4941406250000001 0.580078125 0.4941406250000001 0.580078125 0.5322265625 0.5986328125 0.5322265625
1 0.50634765625 0.5361328125 0.4873046875000001 0.5361328125 0.4873046875000001 0.58056640625 0.50634765625 0.58056640625
1 0.24218750000000006 0.5703125 0.20214843750000006 0.5703125 0.20214843750000006 0.630859375 0.24218750000000006 0.630859375
1 0.65673828125 0.4375000000000001 0.6435546875 0.4375000000000001 0.6435546875 0.4609375000000001 0.65673828125 0.4609375000000001
1 0.5419921875 0.4140625000000001 0.52734375 0.4140625000000001 0.52734375 0.4375000000000001 0.5419921875 0.4375000000000001
1 0.591796875 0.4082031250000001 0.580078125 0.4082031250000001 0.580078125 0.4282226562500001 0.591796875 0.4282226562500001
1 0.5673828125 0.4008789062500001 0.55419921875 0.4008789062500001 0.55419921875 0.4199218750000001 0.5673828125 0.4199218750000001
1 0.64111328125 0.3979492187500001 0.63037109375 0.3979492187500001 0.63037109375 0.4150390625000001 0.64111328125 0.4150390625000001
0 0.70263671875 0.4013671875000001 0.6826171875 0.4013671875000001 0.6826171875 0.4194335937500001 0.70263671875 0.4194335937500001
0 0.62451171875 0.4106445312500001 0.60107421875 0.4106445312500001 0.60107421875 0.4355468750000001 0.62451171875 0.4355468750000001
0 0.6953125 0.3813476562500001 0.65283203125 0.3813476562500001 0.65283203125 0.4106445312500001 0.6953125 0.4106445312500001
0 0.61376953125 0.3979492187500001 0.58837890625 0.3979492187500001 0.58837890625 0.4111328125000001 0.61376953125 0.4111328125000001