1 0.62646484375 0.61865234375 0.58349609375 0.61865234375 0.58349609375 0.70849609375 0.62646484375 0.70849609375
1 0.62890625 0.50146484375 0.61181640625 0.50146484375 0.61181640625 0.56298828125 0.62890625 0.56298828125
1 0.56298828125 0.4697265625000001 0.54052734375 0.4697265625000001 0.54052734375 0.5244140625 0.56298828125 0.5244140625
1 0.6225585937500001 0.7939453125 0.572265625 0.7939453125 0.5722656250000001 0.92822265625 0.6225585937500002 0.92822265625
1 0.5483398437500001 0.83447265625 0.5009765625 0.83447265625 0.5009765625000001 0.98095703125 0.5483398437500002 0.98095703125
0 0.8750000000000001 0.78125 0.70556640625 0.78125 0.7055664062500001 0.99462890625 0.8750000000000002 0.99462890625
0 0.3618164062500001 0.666015625 0.23974609375000006 0.666015625 0.23974609375000008 0.8466796875 0.3618164062500001 0.8466796875
1 0.64453125 0.4384765625000001 0.626953125 0.4384765625000001 0.626953125 0.4819335937500001 0.64453125 0.4819335937500001
1 0.74951171875 0.4599609375000001 0.7333984375 0.4599609375000001 0.7333984375 0.5078125 0.74951171875 0.5078125
1 0.53271484375 0.3857421875000001 0.515625 0.3857421875000001 0.515625 0.4194335937500001 0.53271484375 0.4194335937500001
1 0.65234375 0.4174804687500001 0.6318359375 0.4174804687500001 0.6318359375 0.4521484375000001 0.65234375 0.4521484375000001
1 0.5244140625 0.3500976562500001 0.51318359375 0.3500976562500001 0.51318359375 0.3715820312500001 0.5244140625 0.3715820312500001
1 0.5087890625 0.3374023437500001 0.49853515625 0.3374023437500001 0.49853515625 0.3564453125000001 0.5087890625 0.3564453125000001
1 0.60595703125 0.3310546875000001 0.59033203125 0.3310546875000001 0.59033203125 0.3535156250000001 0.60595703125 0.3535156250000001
1 0.5185546875 0.3208007812500001 0.513671875 0.3208007812500001 0.513671875 0.3388671875000001 0.5185546875 0.3388671875000001
1 0.5087890625 0.3227539062500001 0.5029296875 0.3227539062500001 0.5029296875 0.3388671875000001 0.5087890625 0.3388671875000001
1 0.515625 0.3046875000000001 0.5068359375 0.3046875000000001 0.5068359375 0.3173828125000001 0.515625 0.3173828125000001
1 0.57958984375 0.2968750000000001 0.57275390625 0.2968750000000001 0.57275390625 0.3115234375000001 0.57958984375 0.3115234375000001
1 0.51806640625 0.2807617187500001 0.51318359375 0.2807617187500001 0.51318359375 0.2910156250000001 0.51806640625 0.2910156250000001
1 0.50146484375 0.2827148437500001 0.498046875 0.2827148437500001 0.498046875 0.2919921875000001 0.50146484375 0.2919921875000001
1 0.48876953125 0.2778320312500001 0.48388671875 0.2778320312500001 0.48388671875 0.2919921875000001 0.48876953125 0.2919921875000001
1 0.5419921875 0.2778320312500001 0.53857421875 0.2778320312500001 0.53857421875 0.2900390625000001 0.5419921875 0.2900390625000001
1 0.5390625 0.2817382812500001 0.5341796875 0.2817382812500001 0.5341796875 0.2905273437500001 0.5390625 0.2905273437500001
1 0.548828125 0.2709960937500001 0.54248046875 0.2709960937500001 0.54248046875 0.2792968750000001 0.548828125 0.2792968750000001
1 0.55078125 0.2749023437500001 0.5458984375 0.2749023437500001 0.5458984375 0.2851562500000001 0.55078125 0.2851562500000001
1 0.560546875 0.2846679687500001 0.5546875 0.2846679687500001 0.5546875 0.2954101562500001 0.560546875 0.2954101562500001
1 0.55322265625 0.2846679687500001 0.54931640625 0.2846679687500001 0.54931640625 0.2968750000000001 0.55322265625 0.2968750000000001
1 0.49951171875 0.2763671875000001 0.4951171875 0.2763671875000001 0.4951171875 0.2866210937500001 0.49951171875 0.2866210937500001
0 0.4560546875 0.36865234375000006 0.42578125 0.36865234375 0.42578125 0.39794921875000006 0.4560546875 0.3979492187500001
0 0.513671875 0.2626953125000001 0.49951171875 0.2626953125000001 0.49951171875 0.2827148437500001 0.513671875 0.2827148437500001
0 0.52978515625 0.2763671875000001 0.5185546875 0.2763671875000001 0.5185546875 0.2861328125000001 0.52978515625 0.2861328125000001
0 0.53857421875 0.2885742187500001 0.52392578125 0.2885742187500001 0.52392578125 0.3022460937500001 0.53857421875 0.3022460937500001
0 0.51806640625 0.2895507812500001 0.50146484375 0.2895507812500001 0.50146484375 0.3007812500000001 0.51806640625 0.3007812500000001
0 0.5810546875 0.3173828125000001 0.5517578125 0.3173828125000001 0.5517578125 0.3632812500000001 0.5810546875 0.3632812500000001
0 0.55029296875 0.3212890625000001 0.5302734375 0.3212890625000001 0.5302734375 0.3432617187500001 0.55029296875 0.3432617187500001
0 0.587890625 0.3828125000000001 0.552734375 0.3828125000000001 0.552734375 0.4169921875000001 0.587890625 0.4169921875000001
0 0.462890625 0.35205078125000006 0.43212890625 0.35205078125 0.43212890625 0.37792968750000006 0.462890625 0.3779296875000001
0 0.46728515625 0.33886718750000006 0.4404296875 0.3388671875 0.4404296875 0.36523437500000006 0.46728515625 0.3652343750000001
0 0.564453125 0.2958984375000001 0.54931640625 0.2958984375000001 0.54931640625 0.3090820312500001 0.564453125 0.3090820312500001
0 0.48046875 0.2900390625000001 0.46337890625 0.2900390625000001 0.46337890625 0.3022460937500001 0.48046875 0.3022460937500001
0 0.48193359375 0.2695312500000001 0.46875 0.2695312500000001 0.46875 0.2812500000000001 0.48193359375 0.2812500000000001
0 0.3803710937500001 0.58203125 0.3012695312500001 0.58203125 0.3012695312500001 0.6865234375 0.3803710937500001 0.6865234375
0 0.4106445312500001 0.53125 0.3281250000000001 0.53125 0.3281250000000001 0.61376953125 0.4106445312500001 0.61376953125