1 0.60205078125 0.53125 0.57177734375 0.53125 0.57177734375 0.6044921875 0.60205078125 0.6044921875
0 0.7265625 0.4677734375000001 0.650390625 0.4677734375000001 0.650390625 0.54443359375 0.7265625 0.54443359375
1 0.6333007812500001 0.84375 0.5849609375 0.84375 0.5849609375000001 0.97265625 0.6333007812500002 0.97265625
0 0.3466796875000001 0.6630859375 0.21240234375000006 0.6630859375 0.21240234375000008 0.83544921875 0.3466796875000001 0.83544921875
0 0.3696289062500001 0.57763671875 0.2788085937500001 0.57763671875 0.2788085937500001 0.68212890625 0.3696289062500001 0.68212890625
0 0.3920898437500001 0.525390625 0.3115234375000001 0.525390625 0.3115234375000001 0.60498046875 0.3920898437500001 0.60498046875
1 0.578125 0.4506835937500001 0.55859375 0.4506835937500001 0.55859375 0.4965820312500001 0.578125 0.4965820312500001
1 0.59716796875 0.4301757812500001 0.57958984375 0.4301757812500001 0.57958984375 0.4707031250000001 0.59716796875 0.4707031250000001
1 0.6181640625 0.4067382812500001 0.603515625 0.4067382812500001 0.603515625 0.4433593750000001 0.6181640625 0.4433593750000001
1 0.55810546875 0.3911132812500001 0.54443359375 0.3911132812500001 0.54443359375 0.4233398437500001 0.55810546875 0.4233398437500001
1 0.64404296875 0.3769531250000001 0.62890625 0.3769531250000001 0.62890625 0.4091796875000001 0.64404296875 0.4091796875000001
1 0.7431640625 0.3872070312500001 0.71435546875 0.3872070312500001 0.71435546875 0.4208984375000001 0.7431640625 0.4208984375000001
1 0.45947265625 0.37304687500000006 0.4453125 0.373046875 0.4453125 0.40283203125000006 0.45947265625 0.4028320312500001
1 0.60693359375 0.3540039062500001 0.59521484375 0.3540039062500001 0.59521484375 0.3803710937500001 0.60693359375 0.3803710937500001
0 0.56787109375 0.3466796875000001 0.53857421875 0.3466796875000001 0.53857421875 0.3740234375000001 0.56787109375 0.3740234375000001
0 0.439453125 0.361328125 0.41015625 0.361328125 0.41015625 0.3935546875 0.439453125 0.3935546875
0 0.44287109375 0.345703125 0.41748046875 0.345703125 0.41748046875 0.3701171875 0.44287109375 0.3701171875
0 0.4521484375 0.33203125 0.42529296875 0.33203125 0.42529296875 0.3583984375 0.4521484375 0.3583984375
1 0.58740234375 0.3408203125000001 0.57763671875 0.3408203125000001 0.57763671875 0.3642578125000001 0.58740234375 0.3642578125000001
1 0.58349609375 0.3295898437500001 0.57470703125 0.3295898437500001 0.57470703125 0.3481445312500001 0.58349609375 0.3481445312500001
0 0.5478515625 0.3232421875000001 0.52392578125 0.3232421875000001 0.52392578125 0.3442382812500001 0.5478515625 0.3442382812500001
1 0.56689453125 0.3354492187500001 0.556640625 0.3354492187500001 0.556640625 0.3549804687500001 0.56689453125 0.3549804687500001
1 0.53564453125 0.3393554687500001 0.52392578125 0.3393554687500001 0.52392578125 0.3647460937500001 0.53564453125 0.3647460937500001
1 0.4873046875 0.3383789062500001 0.4775390625 0.3383789062500001 0.4775390625 0.3559570312500001 0.4873046875 0.3559570312500001
1 0.484375 0.3178710937500001 0.47607421875 0.3178710937500001 0.47607421875 0.3369140625000001 0.484375 0.3369140625000001
0 0.52001953125 0.2900390625000001 0.48681640625 0.2900390625000001 0.48681640625 0.3295898437500001 0.52001953125 0.3295898437500001
0 0.54296875 0.2958984375000001 0.52294921875 0.2958984375000001 0.52294921875 0.3125000000000001 0.54296875 0.3125000000000001
1 0.5732421875 0.3066406250000001 0.5654296875 0.3066406250000001 0.5654296875 0.3237304687500001 0.5732421875 0.3237304687500001
1 0.46044921875 0.30175781250000006 0.453125 0.3017578125 0.453125 0.31933593750000006 0.46044921875 0.3193359375000001
1 0.47802734375 0.2875976562500001 0.47119140625 0.2875976562500001 0.47119140625 0.3022460937500001 0.47802734375 0.3022460937500001
1 0.50732421875 0.2788085937500001 0.501953125 0.2788085937500001 0.501953125 0.2905273437500001 0.50732421875 0.2905273437500001
1 0.49462890625 0.2792968750000001 0.4892578125 0.2792968750000001 0.4892578125 0.2910156250000001 0.49462890625 0.2910156250000001
0 0.46533203125 0.28222656250000006 0.44970703125 0.2822265625 0.44970703125 0.29687500000000006 0.46533203125 0.2968750000000001
1 0.546875 0.2827148437500001 0.54052734375 0.2827148437500001 0.54052734375 0.2963867187500001 0.546875 0.2963867187500001