1 0.51806640625 0.4633789062500001 0.4941406250000001 0.4633789062500001 0.4941406250000001 0.51806640625 0.51806640625 0.51806640625
0 0.61572265625 0.4667968750000001 0.54541015625 0.4667968750000001 0.54541015625 0.54443359375 0.61572265625 0.54443359375
1 0.53759765625 0.4301757812500001 0.51904296875 0.4301757812500001 0.51904296875 0.4687500000000001 0.53759765625 0.4687500000000001
1 0.67919921875 0.4252929687500001 0.65625 0.4252929687500001 0.65625 0.4648437500000001 0.67919921875 0.4648437500000001
1 0.501953125 0.4038085937500001 0.486328125 0.4038085937500001 0.486328125 0.4423828125000001 0.501953125 0.4423828125000001
0 0.6181640625 0.3940429687500001 0.57373046875 0.3940429687500001 0.57373046875 0.4423828125000001 0.6181640625 0.4423828125000001
1 0.53125 0.3510742187500001 0.51708984375 0.3510742187500001 0.51708984375 0.3789062500000001 0.53125 0.3789062500000001
0 0.3525390625000001 0.6728515625 0.19921875000000006 0.6728515625 0.19921875000000008 0.8447265625 0.3525390625000001 0.8447265625
0 0.79443359375 0.5126953125 0.6513671875 0.5126953125 0.6513671875 0.71240234375 0.79443359375 0.71240234375
1 0.54150390625 0.3334960937500001 0.533203125 0.3334960937500001 0.533203125 0.3549804687500001 0.54150390625 0.3549804687500001
1 0.505859375 0.3305664062500001 0.49853515625 0.3305664062500001 0.49853515625 0.3515625000000001 0.505859375 0.3515625000000001
0 0.48388671875 0.32714843750000006 0.45068359375 0.3271484375 0.45068359375 0.37060546875000006 0.48388671875 0.3706054687500001
0 0.4287109375 0.36865234375 0.3994140625 0.36865234375 0.3994140625 0.39697265625 0.4287109375 0.39697265625
0 0.5810546875 0.3393554687500001 0.55224609375 0.3393554687500001 0.55224609375 0.3706054687500001 0.5810546875 0.3706054687500001
1 0.6064453125 0.3491210937500001 0.59619140625 0.3491210937500001 0.59619140625 0.3745117187500001 0.6064453125 0.3745117187500001
1 0.55126953125 0.3281250000000001 0.54443359375 0.3281250000000001 0.54443359375 0.3486328125000001 0.55126953125 0.3486328125000001
1 0.56005859375 0.3198242187500001 0.55419921875 0.3198242187500001 0.55419921875 0.3393554687500001 0.56005859375 0.3393554687500001
1 0.474609375 0.3115234375000001 0.466796875 0.3115234375000001 0.466796875 0.3266601562500001 0.474609375 0.3266601562500001
1 0.50146484375 0.3081054687500001 0.49560546875 0.3081054687500001 0.49560546875 0.3247070312500001 0.50146484375 0.3247070312500001
0 0.5302734375 0.3168945312500001 0.50927734375 0.3168945312500001 0.50927734375 0.3354492187500001 0.5302734375 0.3354492187500001
1 0.45947265625 0.2919921875000001 0.4541015625 0.2919921875000001 0.4541015625 0.3056640625000001 0.45947265625 0.3056640625000001
1 0.47412109375 0.2958984375000001 0.46826171875 0.2958984375000001 0.46826171875 0.3090820312500001 0.47412109375 0.3090820312500001