1 0.50048828125 0.4995117187500001 0.4794921875000001 0.4995117187500001 0.4794921875000001 0.5498046875 0.50048828125 0.5498046875
1 0.4726562500000001 0.45996093750000006 0.4531250000000001 0.4599609375 0.4531250000000001 0.50341796875 0.4726562500000001 0.50341796875
1 0.32226562500000006 0.4482421875 0.29443359375 0.4482421875 0.29443359375000006 0.49658203125 0.3222656250000001 0.49658203125
1 0.51220703125 0.4238281250000001 0.49267578125 0.4238281250000001 0.49267578125000006 0.4687500000000001 0.51220703125 0.4687500000000001
0 0.41943359375000006 0.4140625 0.36328125 0.4140625 0.36328125000000006 0.4716796875 0.4194335937500001 0.4716796875
0 0.4394531250000001 0.5029296875 0.3579101562500001 0.5029296875 0.3579101562500001 0.60400390625 0.4394531250000001 0.60400390625
0 0.796875 0.6708984375 0.66064453125 0.6708984375 0.66064453125 0.85009765625 0.796875 0.85009765625
1 0.47900390625 0.3588867187500001 0.46875 0.3588867187500001 0.46875 0.3911132812500001 0.47900390625 0.3911132812500001
1 0.46630859375 0.3417968750000001 0.455078125 0.3417968750000001 0.455078125 0.3642578125000001 0.46630859375 0.3642578125000001
1 0.39404296875 0.3564453125 0.384765625 0.3564453125 0.384765625 0.38330078125 0.39404296875 0.38330078125
1 0.49658203125 0.3359375000000001 0.48876953125 0.3359375000000001 0.48876953125 0.3579101562500001 0.49658203125 0.3579101562500001
1 0.45166015625 0.3349609375 0.44580078125 0.3349609375 0.44580078125 0.35693359375 0.45166015625 0.35693359375
1 0.44140625 0.3271484375 0.43505859375 0.3271484375 0.43505859375 0.34619140625 0.44140625 0.34619140625
1 0.50146484375 0.3129882812500001 0.49560546875 0.3129882812500001 0.49560546875 0.3300781250000001 0.50146484375 0.3300781250000001
1 0.53173828125 0.2983398437500001 0.5244140625 0.2983398437500001 0.5244140625 0.3134765625000001 0.53173828125 0.3134765625000001
1 0.54638671875 0.2939453125000001 0.541015625 0.2939453125000001 0.541015625 0.3076171875000001 0.54638671875 0.3076171875000001
1 0.53466796875 0.3154296875000001 0.5263671875 0.3154296875000001 0.5263671875 0.3300781250000001 0.53466796875 0.3300781250000001
0 0.60107421875 0.3671875000000001 0.5712890625 0.3671875000000001 0.5712890625 0.3979492187500001 0.60107421875 0.3979492187500001
0 0.54638671875 0.3295898437500001 0.51416015625 0.3295898437500001 0.51416015625 0.3735351562500001 0.54638671875 0.3735351562500001
0 0.44384765625 0.34765625 0.41259765625 0.34765625 0.41259765625 0.380859375 0.44384765625 0.380859375
0 0.5234375 0.2792968750000001 0.50146484375 0.2792968750000001 0.50146484375 0.3071289062500001 0.5234375 0.3071289062500001
0 0.498046875 0.3007812500000001 0.48193359375 0.3007812500000001 0.48193359375 0.3144531250000001 0.498046875 0.3144531250000001
0 0.56298828125 0.2866210937500001 0.54736328125 0.2866210937500001 0.54736328125 0.2998046875000001 0.56298828125 0.2998046875000001