1 0.54248046875 0.54345703125 0.533203125 0.54345703125 0.533203125 0.56103515625 0.54248046875 0.56103515625
0 0.5693359375 0.5302734375 0.54736328125 0.5302734375 0.54736328125 0.548828125 0.5693359375 0.548828125
0 0.58740234375 0.54150390625 0.568359375 0.54150390625 0.568359375 0.55908203125 0.58740234375 0.55908203125
1 0.533203125 0.5244140625 0.52294921875 0.5244140625 0.52294921875 0.54443359375 0.533203125 0.54443359375
1 0.517578125 0.52490234375 0.5078125 0.52490234375 0.5078125 0.54443359375 0.517578125 0.54443359375
1 0.505859375 0.50732421875 0.4941406250000001 0.50732421875 0.4941406250000001 0.53076171875 0.505859375 0.53076171875
1 0.55712890625 0.5029296875 0.5458984375 0.5029296875 0.5458984375 0.5244140625 0.55712890625 0.5244140625
0 0.693359375 0.053222656250000076 0.59130859375 0.05322265625000007 0.59130859375 0.19775390625000008 0.693359375 0.1977539062500001
0 0.6923828125 0.20263671875000008 0.611328125 0.20263671875000006 0.611328125 0.3012695312500001 0.6923828125 0.3012695312500001
0 0.34326171875 0.31591796875 0.25146484375 0.31591796875 0.25146484375 0.3818359375 0.34326171875 0.3818359375
1 0.53759765625 0.4228515625000001 0.521484375 0.4228515625000001 0.521484375 0.4599609375000001 0.53759765625 0.4599609375000001
1 0.61572265625 0.4741210937500001 0.60302734375 0.4741210937500001 0.60302734375 0.5009765625 0.61572265625 0.5009765625
1 0.58154296875 0.4985351562500001 0.572265625 0.4985351562500001 0.572265625 0.52099609375 0.58154296875 0.52099609375
1 0.60009765625 0.50634765625 0.59033203125 0.50634765625 0.59033203125 0.52880859375 0.60009765625 0.52880859375
1 0.62744140625 0.505859375 0.61767578125 0.505859375 0.61767578125 0.52734375 0.62744140625 0.52734375
0 0.66259765625 0.53564453125 0.64501953125 0.53564453125 0.64501953125 0.5546875 0.66259765625 0.5546875
0 0.5927734375 0.55517578125 0.57568359375 0.55517578125 0.57568359375 0.56982421875 0.5927734375 0.56982421875
0 0.6337890625 0.52490234375 0.59814453125 0.52490234375 0.59814453125 0.56591796875 0.6337890625 0.56591796875
0 0.67919921875 0.3876953125000001 0.63623046875 0.3876953125000001 0.63623046875 0.4311523437500001 0.67919921875 0.4311523437500001
0 0.6015625 0.5673828125 0.58349609375 0.5673828125 0.58349609375 0.58642578125 0.6015625 0.58642578125
0 0.67138671875 0.4287109375000001 0.6376953125 0.4287109375000001 0.6376953125 0.4589843750000001 0.67138671875 0.4589843750000001
0 0.6708984375 0.4526367187500001 0.63720703125 0.4526367187500001 0.63720703125 0.4790039062500001 0.6708984375 0.4790039062500001
0 0.66015625 0.55908203125 0.64501953125 0.55908203125 0.64501953125 0.57275390625 0.66015625 0.57275390625