1 0.62255859375 0.568359375 0.58349609375 0.568359375 0.58349609375 0.654296875 0.62255859375 0.654296875
0 0.3481445312500001 0.66259765625 0.21191406250000006 0.66259765625 0.21191406250000008 0.83935546875 0.3481445312500001 0.83935546875
0 0.51611328125 0.3544921875000001 0.4794921875 0.3544921875000001 0.4794921875 0.4169921875000001 0.51611328125 0.4169921875000001
0 0.56884765625 0.3486328125000001 0.54052734375 0.3486328125000001 0.54052734375 0.3764648437500001 0.56884765625 0.3764648437500001
0 0.439453125 0.3603515625 0.41015625 0.3603515625 0.41015625 0.392578125 0.439453125 0.392578125
0 0.51513671875 0.2910156250000001 0.48828125 0.2910156250000001 0.48828125 0.3310546875000001 0.51513671875 0.3310546875000001
0 0.54248046875 0.2978515625000001 0.52392578125 0.2978515625000001 0.52392578125 0.3125000000000001 0.54248046875 0.3125000000000001
1 0.4580078125 0.30273437500000006 0.4521484375 0.302734375 0.4521484375 0.31933593750000006 0.4580078125 0.3193359375000001
1 0.4765625 0.2875976562500001 0.47119140625 0.2875976562500001 0.47119140625 0.3022460937500001 0.4765625 0.3022460937500001
1 0.482421875 0.3193359375000001 0.47509765625 0.3193359375000001 0.47509765625 0.3383789062500001 0.482421875 0.3383789062500001
1 0.57421875 0.3076171875000001 0.56787109375 0.3076171875000001 0.56787109375 0.3261718750000001 0.57421875 0.3261718750000001
1 0.6103515625 0.3583984375000001 0.60205078125 0.3583984375000001 0.60205078125 0.3857421875000001 0.6103515625 0.3857421875000001
1 0.591796875 0.3437500000000001 0.58251953125 0.3437500000000001 0.58251953125 0.3696289062500001 0.591796875 0.3696289062500001
1 0.455078125 0.37841796875000006 0.443359375 0.37841796875 0.443359375 0.40966796875000006 0.455078125 0.4096679687500001
1 0.56005859375 0.3979492187500001 0.54443359375 0.3979492187500001 0.54443359375 0.4331054687500001 0.56005859375 0.4331054687500001
1 0.65283203125 0.3852539062500001 0.6376953125 0.3852539062500001 0.6376953125 0.4184570312500001 0.65283203125 0.4184570312500001
1 0.6240234375 0.4199218750000001 0.60888671875 0.4199218750000001 0.60888671875 0.4589843750000001 0.6240234375 0.4589843750000001
1 0.60302734375 0.4477539062500001 0.58740234375 0.4477539062500001 0.58740234375 0.4936523437500001 0.60302734375 0.4936523437500001
1 0.5859375 0.4687500000000001 0.56396484375 0.4687500000000001 0.56396484375 0.5205078125 0.5859375 0.5205078125
1 0.751953125 0.3872070312500001 0.72265625 0.3872070312500001 0.72265625 0.4208984375000001 0.751953125 0.4208984375000001