1 0.79345703125 0.76611328125 0.73486328125 0.76611328125 0.73486328125 0.89892578125 0.79345703125 0.89892578125
1 0.837890625 0.62744140625 0.78759765625 0.62744140625 0.78759765625 0.69775390625 0.837890625 0.69775390625
1 0.5517578125 0.56640625 0.52197265625 0.56640625 0.52197265625 0.62646484375 0.5517578125 0.62646484375
1 0.3120117187500001 0.6787109375 0.22705078125000006 0.6787109375 0.22705078125000008 0.736328125 0.3120117187500001 0.736328125
0 0.3569335937500001 0.52587890625 0.3208007812500001 0.52587890625 0.3208007812500001 0.5888671875 0.3569335937500001 0.5888671875
0 0.4609375000000001 0.69775390625 0.3315429687500001 0.69775390625 0.3315429687500001 0.8203125 0.4609375000000001 0.8203125
0 0.5537109375 0.4833984375000001 0.4941406250000001 0.4833984375000001 0.4941406250000001 0.52294921875 0.5537109375 0.52294921875
1 0.4199218750000001 0.494140625 0.4013671875000001 0.494140625 0.4013671875000001 0.5322265625 0.4199218750000001 0.5322265625
1 0.5126953125 0.5361328125 0.4936523437500001 0.5361328125 0.4936523437500001 0.58056640625 0.5126953125 0.58056640625
1 0.7978515625 0.5703125 0.7578125 0.5703125 0.7578125 0.630859375 0.7978515625 0.630859375
1 0.35644531250000006 0.4375 0.34326171875 0.4375 0.34326171875000006 0.4609375 0.3564453125000001 0.4609375
1 0.47265625 0.4140625000000001 0.4580078125 0.4140625000000001 0.4580078125 0.4375000000000001 0.47265625 0.4375000000000001
1 0.419921875 0.408203125 0.408203125 0.408203125 0.408203125 0.42822265625 0.419921875 0.42822265625
1 0.44580078125 0.40087890625 0.4326171875 0.40087890625 0.4326171875 0.419921875 0.44580078125 0.419921875
1 0.36962890625 0.39794921875 0.35888671875 0.39794921875 0.35888671875 0.4150390625 0.36962890625 0.4150390625
0 0.3173828125 0.4013671875 0.29736328125 0.4013671875 0.29736328125 0.41943359375 0.3173828125 0.41943359375
0 0.39892578125 0.41064453125 0.37548828125 0.41064453125 0.37548828125 0.435546875 0.39892578125 0.435546875
0 0.34716796875 0.38134765625 0.3046875 0.38134765625 0.3046875 0.41064453125 0.34716796875 0.41064453125
0 0.41162109375 0.39794921875 0.38623046875 0.39794921875 0.38623046875 0.4111328125 0.41162109375 0.4111328125