1 0.6679687500000001 0.78515625 0.61474609375 0.78515625 0.6147460937500001 0.912109375 0.6679687500000002 0.912109375
0 0.3691406250000001 0.66796875 0.23437500000000006 0.66796875 0.23437500000000008 0.8515625 0.3691406250000001 0.8515625
0 0.3891601562500001 0.58349609375 0.2983398437500001 0.58349609375 0.2983398437500001 0.6845703125 0.3891601562500001 0.6845703125
0 0.4101562500000001 0.53125 0.3334960937500001 0.53125 0.3334960937500001 0.6142578125 0.4101562500000001 0.6142578125
1 0.580078125 0.52001953125 0.55419921875 0.52001953125 0.55419921875 0.5859375 0.580078125 0.5859375
1 0.65478515625 0.56494140625 0.62646484375 0.56494140625 0.62646484375 0.6357421875 0.65478515625 0.6357421875
1 0.68310546875 0.4858398437500001 0.6611328125 0.4858398437500001 0.6611328125 0.5400390625 0.68310546875 0.5400390625
0 0.603515625 0.4018554687500001 0.56005859375 0.4018554687500001 0.56005859375 0.4409179687500001 0.603515625 0.4409179687500001
1 0.67529296875 0.4506835937500001 0.65576171875 0.4506835937500001 0.65576171875 0.4936523437500001 0.67529296875 0.4936523437500001
1 0.5458984375 0.4150390625000001 0.52880859375 0.4150390625000001 0.52880859375 0.4541015625000001 0.5458984375 0.4541015625000001
1 0.5263671875 0.3627929687500001 0.51318359375 0.3627929687500001 0.51318359375 0.3920898437500001 0.5263671875 0.3920898437500001
1 0.60791015625 0.3354492187500001 0.59619140625 0.3354492187500001 0.59619140625 0.3574218750000001 0.60791015625 0.3574218750000001
0 0.4560546875 0.36865234375000006 0.42431640625 0.36865234375 0.42431640625 0.39892578125000006 0.4560546875 0.3989257812500001
1 0.51025390625 0.3417968750000001 0.50048828125 0.3417968750000001 0.50048828125 0.3662109375000001 0.51025390625 0.3662109375000001
0 0.45947265625 0.35058593750000006 0.43212890625 0.3505859375 0.43212890625 0.37597656250000006 0.45947265625 0.3759765625000001
0 0.4658203125 0.33740234375000006 0.439453125 0.33740234375 0.439453125 0.36523437500000006 0.4658203125 0.3652343750000001
0 0.48974609375 0.31494140625000006 0.45263671875 0.31494140625 0.45263671875 0.35156250000000006 0.48974609375 0.3515625000000001
1 0.5126953125 0.3261718750000001 0.5029296875 0.3261718750000001 0.5029296875 0.3466796875000001 0.5126953125 0.3466796875000001
1 0.5234375 0.3227539062500001 0.5146484375 0.3227539062500001 0.5146484375 0.3432617187500001 0.5234375 0.3432617187500001
0 0.55419921875 0.3266601562500001 0.52734375 0.3266601562500001 0.52734375 0.3535156250000001 0.55419921875 0.3535156250000001
0 0.59130859375 0.3222656250000001 0.5556640625 0.3222656250000001 0.5556640625 0.3735351562500001 0.59130859375 0.3735351562500001
0 0.5703125 0.3139648437500001 0.546875 0.3139648437500001 0.546875 0.3339843750000001 0.5703125 0.3339843750000001
1 0.51513671875 0.3051757812500001 0.5068359375 0.3051757812500001 0.5068359375 0.3237304687500001 0.51513671875 0.3237304687500001
1 0.51416015625 0.2968750000000001 0.50634765625 0.2968750000000001 0.50634765625 0.3110351562500001 0.51416015625 0.3110351562500001
0 0.5693359375 0.2973632812500001 0.54931640625 0.2973632812500001 0.54931640625 0.3149414062500001 0.5693359375 0.3149414062500001
1 0.5830078125 0.3007812500000001 0.576171875 0.3007812500000001 0.576171875 0.3159179687500001 0.5830078125 0.3159179687500001
0 0.51806640625 0.2910156250000001 0.50146484375 0.2910156250000001 0.50146484375 0.3056640625000001 0.51806640625 0.3056640625000001
0 0.54052734375 0.2900390625000001 0.52490234375 0.2900390625000001 0.52490234375 0.3041992187500001 0.54052734375 0.3041992187500001
0 0.47900390625 0.2885742187500001 0.46337890625 0.2885742187500001 0.46337890625 0.3012695312500001 0.47900390625 0.3012695312500001
0 0.5185546875 0.2812500000000001 0.51318359375 0.2812500000000001 0.51318359375 0.2939453125000001 0.5185546875 0.2939453125000001
1 0.5009765625 0.2846679687500001 0.49609375 0.2846679687500001 0.49609375 0.2958984375000001 0.5009765625 0.2958984375000001
1 0.48828125 0.2797851562500001 0.48388671875 0.2797851562500001 0.48388671875 0.2919921875000001 0.48828125 0.2919921875000001
0 0.52978515625 0.2763671875000001 0.51708984375 0.2763671875000001 0.51708984375 0.2871093750000001 0.52978515625 0.2871093750000001
1 0.5 0.2768554687500001 0.494140625 0.2768554687500001 0.494140625 0.2880859375000001 0.5 0.2880859375000001