1 0.74658203125 0.74951171875 0.6982421875 0.74951171875 0.6982421875 0.87646484375 0.74658203125 0.87646484375
0 0.759765625 0.53955078125 0.66015625 0.53955078125 0.66015625 0.63720703125 0.759765625 0.63720703125
1 0.70947265625 0.4746093750000001 0.6845703125 0.4746093750000001 0.6845703125 0.5283203125 0.70947265625 0.5283203125
0 0.62890625 0.4345703125000001 0.58203125 0.4345703125000001 0.58203125 0.4863281250000001 0.62890625 0.4863281250000001
0 0.3852539062500001 0.67626953125 0.24609375000000006 0.67626953125 0.24609375000000008 0.84765625 0.3852539062500001 0.84765625
0 0.4018554687500001 0.59423828125 0.3144531250000001 0.59423828125 0.3144531250000001 0.69384765625 0.4018554687500001 0.69384765625
0 0.4238281250000001 0.53564453125 0.3476562500000001 0.53564453125 0.3476562500000001 0.61279296875 0.4238281250000001 0.61279296875
1 0.63134765625 0.3779296875000001 0.61865234375 0.3779296875000001 0.61865234375 0.4072265625000001 0.63134765625 0.4072265625000001
1 0.65576171875 0.3652343750000001 0.6435546875 0.3652343750000001 0.6435546875 0.3916015625000001 0.65576171875 0.3916015625000001
1 0.55419921875 0.3964843750000001 0.53955078125 0.3964843750000001 0.53955078125 0.4272460937500001 0.55419921875 0.4272460937500001
1 0.5302734375 0.3872070312500001 0.51513671875 0.3872070312500001 0.51513671875 0.4121093750000001 0.5302734375 0.4121093750000001
1 0.5625 0.3715820312500001 0.55224609375 0.3715820312500001 0.55224609375 0.3964843750000001 0.5625 0.3964843750000001
1 0.5712890625 0.3554687500000001 0.56298828125 0.3554687500000001 0.56298828125 0.3798828125000001 0.5712890625 0.3798828125000001
1 0.58349609375 0.3374023437500001 0.5751953125 0.3374023437500001 0.5751953125 0.3559570312500001 0.58349609375 0.3559570312500001
1 0.6044921875 0.3354492187500001 0.59033203125 0.3354492187500001 0.59033203125 0.3491210937500001 0.6044921875 0.3491210937500001
1 0.5361328125 0.3525390625000001 0.5244140625 0.3525390625000001 0.5244140625 0.3774414062500001 0.5361328125 0.3774414062500001
0 0.56298828125 0.3203125000000001 0.5419921875 0.3203125000000001 0.5419921875 0.3378906250000001 0.56298828125 0.3378906250000001
0 0.46923828125 0.37597656250000006 0.44189453125 0.3759765625 0.44189453125 0.40332031250000006 0.46923828125 0.4033203125000001
1 0.52978515625 0.3164062500000001 0.52490234375 0.3164062500000001 0.52490234375 0.3339843750000001 0.52978515625 0.3339843750000001
1 0.517578125 0.3115234375000001 0.51025390625 0.3115234375000001 0.51025390625 0.3271484375000001 0.517578125 0.3271484375000001
1 0.59130859375 0.3076171875000001 0.583984375 0.3076171875000001 0.583984375 0.3237304687500001 0.59130859375 0.3237304687500001
1 0.53466796875 0.3051757812500001 0.52880859375 0.3051757812500001 0.52880859375 0.3198242187500001 0.53466796875 0.3198242187500001
0 0.57177734375 0.2915039062500001 0.5537109375 0.2915039062500001 0.5537109375 0.3222656250000001 0.57177734375 0.3222656250000001