0 0.69384765625 0.69677734375 0.61328125 0.69677734375 0.61328125 0.79931640625 0.69384765625 0.79931640625
1 0.765625 0.685546875 0.70068359375 0.685546875 0.70068359375 0.72998046875 0.765625 0.72998046875
1 0.53515625 0.546875 0.5166015625 0.546875 0.5166015625 0.58544921875 0.53515625 0.58544921875
0 0.6948242187500001 0.7998046875 0.59375 0.7998046875 0.5937500000000001 0.9443359375 0.6948242187500002 0.9443359375
0 0.3222656250000001 0.63671875 0.22363281250000006 0.63671875 0.22363281250000008 0.70849609375 0.3222656250000001 0.70849609375
1 0.61474609375 0.50048828125 0.6025390625 0.50048828125 0.6025390625 0.5302734375 0.61474609375 0.5302734375
1 0.55419921875 0.4770507812500001 0.54296875 0.4770507812500001 0.54296875 0.4995117187500001 0.55419921875 0.4995117187500001
1 0.58154296875 0.4809570312500001 0.57177734375 0.4809570312500001 0.57177734375 0.50341796875 0.58154296875 0.50341796875
1 0.50390625 0.4702148437500001 0.4916992187500001 0.4702148437500001 0.4916992187500001 0.4941406250000001 0.50390625 0.4941406250000001
1 0.6279296875 0.4726562500000001 0.6181640625 0.4726562500000001 0.6181640625 0.4941406250000001 0.6279296875 0.4941406250000001
1 0.60009765625 0.4716796875000001 0.58984375 0.4716796875000001 0.58984375 0.4936523437500001 0.60009765625 0.4936523437500001
1 0.5322265625 0.4560546875000001 0.52294921875 0.4560546875000001 0.52294921875 0.4741210937500001 0.5322265625 0.4741210937500001
1 0.51611328125 0.4555664062500001 0.50732421875 0.4555664062500001 0.50732421875 0.4736328125000001 0.51611328125 0.4736328125000001
0 0.66552734375 0.4428710937500001 0.646484375 0.4428710937500001 0.646484375 0.4624023437500001 0.66552734375 0.4624023437500001
0 0.5693359375 0.4506835937500001 0.546875 0.4506835937500001 0.546875 0.4697265625000001 0.5693359375 0.4697265625000001
1 0.541015625 0.4389648437500001 0.53271484375 0.4389648437500001 0.53271484375 0.4570312500000001 0.541015625 0.4570312500000001
0 0.58740234375 0.4399414062500001 0.56884765625 0.4399414062500001 0.56884765625 0.4580078125000001 0.58740234375 0.4580078125000001
0 0.681640625 0.56640625 0.63720703125 0.56640625 0.63720703125 0.609375 0.681640625 0.609375
0 0.673828125 0.53515625 0.6376953125 0.53515625 0.6376953125 0.5693359375 0.673828125 0.5693359375
0 0.6708984375 0.517578125 0.63916015625 0.517578125 0.63916015625 0.54248046875 0.6708984375 0.54248046875
0 0.63427734375 0.4340820312500001 0.59765625 0.4340820312500001 0.59765625 0.4755859375000001 0.63427734375 0.4755859375000001
0 0.59228515625 0.4291992187500001 0.57568359375 0.4291992187500001 0.57568359375 0.4438476562500001 0.59228515625 0.4438476562500001
0 0.60205078125 0.4121093750000001 0.58349609375 0.4121093750000001 0.58349609375 0.4321289062500001 0.60205078125 0.4321289062500001