1 0.5283203125 0.5263671875 0.517578125 0.5263671875 0.517578125 0.54345703125 0.5283203125 0.54345703125
1 0.513671875 0.52783203125 0.50390625 0.52783203125 0.50390625 0.5458984375 0.513671875 0.5458984375
1 0.5537109375 0.5068359375 0.5439453125 0.5068359375 0.5439453125 0.52734375 0.5537109375 0.52734375
1 0.57470703125 0.50146484375 0.56591796875 0.50146484375 0.56591796875 0.52294921875 0.57470703125 0.52294921875
1 0.5927734375 0.5078125 0.58349609375 0.5078125 0.58349609375 0.52783203125 0.5927734375 0.52783203125
1 0.61669921875 0.50732421875 0.607421875 0.50732421875 0.607421875 0.5263671875 0.61669921875 0.5263671875
1 0.6064453125 0.4765625000000001 0.595703125 0.4765625000000001 0.595703125 0.50439453125 0.6064453125 0.50439453125
1 0.53857421875 0.4384765625000001 0.5244140625 0.4384765625000001 0.5244140625 0.4702148437500001 0.53857421875 0.4702148437500001
0 0.65673828125 0.4453125000000001 0.62451171875 0.4453125000000001 0.62451171875 0.4721679687500001 0.65673828125 0.4721679687500001
0 0.6591796875 0.4228515625000001 0.625 0.4228515625000001 0.625 0.4575195312500001 0.6591796875 0.4575195312500001
0 0.66650390625 0.3823242187500001 0.625 0.3823242187500001 0.625 0.4252929687500001 0.66650390625 0.4252929687500001
0 0.67919921875 0.20166015625000006 0.59912109375 0.20166015625000006 0.59912109375 0.2954101562500001 0.67919921875 0.2954101562500001
0 0.68017578125 0.049316406250000076 0.5791015625 0.04931640625000007 0.5791015625 0.19140625000000008 0.68017578125 0.1914062500000001
0 0.3740234375 0.35986328125 0.30078125 0.35986328125 0.30078125 0.4130859375 0.3740234375 0.4130859375
1 0.50244140625 0.509765625 0.4921875000000001 0.509765625 0.4921875000000001 0.533203125 0.50244140625 0.533203125
1 0.4746093750000001 0.4790039062500001 0.4599609375000001 0.4790039062500001 0.4599609375000001 0.50537109375 0.4746093750000001 0.50537109375
0 0.5615234375 0.5302734375 0.5400390625 0.5302734375 0.5400390625 0.546875 0.5615234375 0.546875
1 0.53564453125 0.54248046875 0.5283203125 0.54248046875 0.5283203125 0.55712890625 0.53564453125 0.55712890625
0 0.57861328125 0.541015625 0.56005859375 0.541015625 0.56005859375 0.556640625 0.57861328125 0.556640625
0 0.65283203125 0.53076171875 0.63330078125 0.53076171875 0.63330078125 0.54931640625 0.65283203125 0.54931640625
0 0.623046875 0.5234375 0.5888671875 0.5234375 0.5888671875 0.56298828125 0.623046875 0.56298828125
0 0.5830078125 0.55224609375 0.56689453125 0.55224609375 0.56689453125 0.56640625 0.5830078125 0.56640625
0 0.59228515625 0.5634765625 0.57470703125 0.5634765625 0.57470703125 0.5830078125 0.59228515625 0.5830078125
0 0.64892578125 0.55224609375 0.6328125 0.55224609375 0.6328125 0.56689453125 0.64892578125 0.56689453125
1 0.75048828125 0.2631835937500001 0.6845703125 0.2631835937500001 0.6845703125 0.3056640625000001 0.75048828125 0.3056640625000001