1 0.64599609375 0.59423828125 0.61181640625 0.59423828125 0.61181640625 0.6728515625 0.64599609375 0.6728515625
0 0.669921875 0.50634765625 0.591796875 0.50634765625 0.591796875 0.58544921875 0.669921875 0.58544921875
1 0.52978515625 0.4384765625000001 0.5126953125 0.4384765625000001 0.5126953125 0.4809570312500001 0.52978515625 0.4809570312500001
1 0.85107421875 0.701171875 0.796875 0.701171875 0.796875 0.8115234375 0.85107421875 0.8115234375
0 0.3588867187500001 0.67236328125 0.22021484375000006 0.67236328125 0.22021484375000008 0.84619140625 0.3588867187500001 0.84619140625
1 0.50732421875 0.3735351562500001 0.49658203125 0.3735351562500001 0.49658203125 0.4028320312500001 0.50732421875 0.4028320312500001
1 0.5068359375 0.3491210937500001 0.4970703125 0.3491210937500001 0.4970703125 0.3715820312500001 0.5068359375 0.3715820312500001
1 0.51318359375 0.3203125000000001 0.5048828125 0.3203125000000001 0.5048828125 0.3427734375000001 0.51318359375 0.3427734375000001
1 0.5869140625 0.3193359375000001 0.57861328125 0.3193359375000001 0.57861328125 0.3378906250000001 0.5869140625 0.3378906250000001
1 0.544921875 0.3061523437500001 0.53857421875 0.3061523437500001 0.53857421875 0.3217773437500001 0.544921875 0.3217773437500001
1 0.4775390625 0.2866210937500001 0.47119140625 0.2866210937500001 0.47119140625 0.2993164062500001 0.4775390625 0.2993164062500001
1 0.490234375 0.2963867187500001 0.484375 0.2963867187500001 0.484375 0.3095703125000001 0.490234375 0.3095703125000001
1 0.50732421875 0.2924804687500001 0.50244140625 0.2924804687500001 0.50244140625 0.3066406250000001 0.50732421875 0.3066406250000001
1 0.52880859375 0.2895507812500001 0.52099609375 0.2895507812500001 0.52099609375 0.3017578125000001 0.52880859375 0.3017578125000001
1 0.54443359375 0.2871093750000001 0.53857421875 0.2871093750000001 0.53857421875 0.2988281250000001 0.54443359375 0.2988281250000001
0 0.53271484375 0.3022460937500001 0.51611328125 0.3022460937500001 0.51611328125 0.3178710937500001 0.53271484375 0.3178710937500001
0 0.5693359375 0.3125000000000001 0.55029296875 0.3125000000000001 0.55029296875 0.3339843750000001 0.5693359375 0.3339843750000001
0 0.57421875 0.3388671875000001 0.5478515625 0.3388671875000001 0.5478515625 0.3627929687500001 0.57421875 0.3627929687500001
0 0.486328125 0.32128906250000006 0.44873046875 0.3212890625 0.44873046875 0.35888671875000006 0.486328125 0.3588867187500001
0 0.560546875 0.3603515625000001 0.52685546875 0.3603515625000001 0.52685546875 0.3935546875000001 0.560546875 0.3935546875000001
0 0.6103515625 0.3618164062500001 0.56640625 0.3618164062500001 0.56640625 0.4326171875000001 0.6103515625 0.4326171875000001