1 0.4165039062500001 0.61865234375 0.3735351562500001 0.61865234375 0.3735351562500001 0.70849609375 0.4165039062500001 0.70849609375
1 0.3881835937500001 0.50146484375 0.3710937500000001 0.50146484375 0.3710937500000001 0.56298828125 0.3881835937500001 0.56298828125
1 0.4594726562500001 0.46972656250000006 0.4370117187500001 0.4697265625 0.4370117187500001 0.5244140625 0.4594726562500001 0.5244140625
1 0.4277343750000001 0.7939453125 0.3774414062500001 0.7939453125 0.3774414062500001 0.92822265625 0.4277343750000001 0.92822265625
1 0.4990234375000001 0.83447265625 0.4516601562500001 0.83447265625 0.4516601562500001 0.98095703125 0.4990234375000001 0.98095703125
0 0.2944335937500001 0.78125 0.1250000000000001 0.78125 0.1250000000000001 0.99462890625 0.2944335937500001 0.99462890625
0 0.76025390625 0.666015625 0.63818359375 0.666015625 0.63818359375 0.8466796875 0.76025390625 0.8466796875
1 0.37304687500000006 0.4384765625 0.35546875 0.4384765625 0.35546875000000006 0.48193359375 0.3730468750000001 0.48193359375
1 0.2666015625000001 0.4599609375 0.2504882812500001 0.4599609375 0.2504882812500001 0.5078125 0.2666015625000001 0.5078125
1 0.484375 0.3857421875000001 0.46728515625 0.3857421875000001 0.46728515625 0.4194335937500001 0.484375 0.4194335937500001
1 0.3681640625 0.41748046875 0.34765625 0.41748046875 0.34765625 0.4521484375 0.3681640625 0.4521484375
1 0.48681640625 0.3500976562500001 0.4755859375 0.3500976562500001 0.4755859375 0.3715820312500001 0.48681640625 0.3715820312500001
1 0.50146484375 0.3374023437500001 0.4912109375 0.3374023437500001 0.4912109375 0.3564453125000001 0.50146484375 0.3564453125000001
1 0.40966796875 0.3310546875 0.39404296875 0.3310546875 0.39404296875 0.353515625 0.40966796875 0.353515625
1 0.486328125 0.3208007812500001 0.4814453125 0.3208007812500001 0.4814453125 0.3388671875000001 0.486328125 0.3388671875000001
1 0.4970703125 0.3227539062500001 0.4912109375 0.3227539062500001 0.4912109375 0.3388671875000001 0.4970703125 0.3388671875000001
1 0.4931640625 0.3046875000000001 0.484375 0.3046875000000001 0.484375 0.3173828125000001 0.4931640625 0.3173828125000001
1 0.42724609375 0.296875 0.42041015625 0.296875 0.42041015625 0.3115234375 0.42724609375 0.3115234375
1 0.48681640625 0.2807617187500001 0.48193359375 0.2807617187500001 0.48193359375 0.2910156250000001 0.48681640625 0.2910156250000001
1 0.501953125 0.2827148437500001 0.49853515625 0.2827148437500001 0.49853515625 0.2919921875000001 0.501953125 0.2919921875000001
1 0.51611328125 0.2778320312500001 0.51123046875 0.2778320312500001 0.51123046875 0.2919921875000001 0.51611328125 0.2919921875000001
1 0.46142578125 0.2778320312500001 0.4580078125 0.2778320312500001 0.4580078125 0.2900390625000001 0.46142578125 0.2900390625000001
1 0.4658203125 0.2817382812500001 0.4609375 0.2817382812500001 0.4609375 0.2905273437500001 0.4658203125 0.2905273437500001
1 0.45751953125 0.27099609375000006 0.451171875 0.27099609375 0.451171875 0.27929687500000006 0.45751953125 0.2792968750000001
1 0.4541015625 0.27490234375000006 0.44921875 0.27490234375 0.44921875 0.28515625000000006 0.4541015625 0.2851562500000001
1 0.4453125 0.28466796875 0.439453125 0.28466796875 0.439453125 0.29541015625 0.4453125 0.29541015625
1 0.45068359375 0.28466796875 0.44677734375 0.28466796875 0.44677734375 0.296875 0.45068359375 0.296875
1 0.5048828125 0.2763671875000001 0.50048828125 0.2763671875000001 0.50048828125 0.2866210937500001 0.5048828125 0.2866210937500001
0 0.57421875 0.3686523437500001 0.5439453125 0.3686523437500001 0.5439453125 0.3979492187500001 0.57421875 0.3979492187500001
0 0.50048828125 0.2626953125000001 0.486328125 0.2626953125000001 0.486328125 0.2827148437500001 0.50048828125 0.2827148437500001
0 0.4814453125 0.2763671875000001 0.47021484375 0.2763671875000001 0.47021484375 0.2861328125000001 0.4814453125 0.2861328125000001
0 0.47607421875 0.2885742187500001 0.46142578125 0.2885742187500001 0.46142578125 0.3022460937500001 0.47607421875 0.3022460937500001
0 0.49853515625 0.2895507812500001 0.48193359375 0.2895507812500001 0.48193359375 0.3007812500000001 0.49853515625 0.3007812500000001
0 0.4482421875 0.3173828125 0.4189453125 0.3173828125 0.4189453125 0.36328125 0.4482421875 0.36328125
0 0.4697265625 0.32128906250000006 0.44970703125 0.3212890625 0.44970703125 0.34326171875000006 0.4697265625 0.3432617187500001
0 0.447265625 0.3828125 0.412109375 0.3828125 0.412109375 0.4169921875 0.447265625 0.4169921875
0 0.56787109375 0.3520507812500001 0.537109375 0.3520507812500001 0.537109375 0.3779296875000001 0.56787109375 0.3779296875000001
0 0.5595703125 0.3388671875000001 0.53271484375 0.3388671875000001 0.53271484375 0.3652343750000001 0.5595703125 0.3652343750000001
0 0.45068359375 0.2958984375 0.435546875 0.2958984375 0.435546875 0.30908203125 0.45068359375 0.30908203125
0 0.53662109375 0.2900390625000001 0.51953125 0.2900390625000001 0.51953125 0.3022460937500001 0.53662109375 0.3022460937500001
0 0.53125 0.2695312500000001 0.51806640625 0.2695312500000001 0.51806640625 0.2812500000000001 0.53125 0.2812500000000001
0 0.69873046875 0.58203125 0.61962890625 0.58203125 0.61962890625 0.6865234375 0.69873046875 0.6865234375
0 0.671875 0.53125 0.58935546875 0.53125 0.58935546875 0.61376953125 0.671875 0.61376953125