0 0.42138671875 0.04199218750000005 0.31884765625 0.04199218750000004 0.31884765625 0.18847656250000006 0.42138671875 0.18847656250000006
0 0.400390625 0.20019531250000006 0.31982421875 0.20019531250000006 0.31982421875 0.2919921875 0.400390625 0.2919921875
0 0.84130859375 8.455325068331824e-17 0.53955078125 6.607591372352663e-17 0.53955078125 0.3134765625000001 0.84130859375 0.3134765625000001
1 0.8505859375 0.2197265625000001 0.80615234375 0.2197265625000001 0.80615234375 0.2890625000000001 0.8505859375 0.2890625000000001
0 0.64697265625 0.3989257812500001 0.5869140625 0.3989257812500001 0.5869140625 0.4438476562500001 0.64697265625 0.4438476562500001
1 0.4638671875000001 0.45556640625000006 0.4487304687500001 0.45556640625 0.4487304687500001 0.48291015625000006 0.4638671875000001 0.4829101562500001
1 0.4008789062500001 0.48583984375 0.3896484375000001 0.48583984375 0.3896484375000001 0.5107421875 0.4008789062500001 0.5107421875
1 0.52001953125 0.4907226562500001 0.5087890625 0.4907226562500001 0.5087890625 0.51513671875 0.52001953125 0.51513671875
1 0.3901367187500001 0.50830078125 0.3813476562500001 0.50830078125 0.3813476562500001 0.5283203125 0.3901367187500001 0.5283203125
1 0.4287109375000001 0.5068359375 0.4204101562500001 0.5068359375 0.4204101562500001 0.52734375 0.4287109375000001 0.52734375
1 0.4116210937500001 0.5107421875 0.4018554687500001 0.5107421875 0.4018554687500001 0.529296875 0.4116210937500001 0.529296875
1 0.4467773437500001 0.51123046875 0.4379882812500001 0.51123046875 0.4379882812500001 0.53125 0.4467773437500001 0.53125
1 0.4970703125000001 0.513671875 0.4873046875000001 0.513671875 0.4873046875000001 0.5361328125 0.4970703125000001 0.5361328125
1 0.4760742187500001 0.5283203125 0.4663085937500001 0.5283203125 0.4663085937500001 0.5458984375 0.4760742187500001 0.5458984375
1 0.4877929687500001 0.5302734375 0.4785156250000001 0.5302734375 0.4785156250000001 0.54736328125 0.4877929687500001 0.54736328125
0 0.4536132812500001 0.53076171875 0.4335937500000001 0.53076171875 0.4335937500000001 0.546875 0.4536132812500001 0.546875
0 0.4350585937500001 0.54248046875 0.4179687500000001 0.54248046875 0.4179687500000001 0.556640625 0.4350585937500001 0.556640625
0 0.3662109375000001 0.52587890625 0.3476562500000001 0.52587890625 0.3476562500000001 0.54541015625 0.3662109375000001 0.54541015625
0 0.4072265625000001 0.5234375 0.3735351562500001 0.5234375 0.3735351562500001 0.56201171875 0.4072265625000001 0.56201171875
0 0.4287109375000001 0.55224609375 0.4130859375000001 0.55224609375 0.4130859375000001 0.5654296875 0.4287109375000001 0.5654296875
0 0.37548828125 0.37744140625 0.33203125 0.37744140625 0.33203125 0.42236328125 0.37548828125 0.42236328125
0 0.37451171875000006 0.41796875 0.3388671875 0.41796875 0.33886718750000006 0.45361328125 0.3745117187500001 0.45361328125
0 0.37451171875000006 0.44189453125 0.3408203125 0.44189453125 0.34082031250000006 0.4697265625 0.3745117187500001 0.4697265625