1 0.509765625 0.3999023437500001 0.47265625 0.3999023437500001 0.47265625000000006 0.4790039062500001 0.509765625 0.4790039062500001
1 0.5205078125 0.52587890625 0.4975585937500001 0.52587890625 0.4975585937500001 0.56982421875 0.5205078125 0.56982421875
1 0.53369140625 6.093335392241958e-17 0.46142578125 5.650836060518792e-17 0.46142578125 0.10205078125000006 0.53369140625 0.10205078125000006
0 0.85302734375 0.1718750000000001 0.69384765625 0.1718750000000001 0.69384765625 0.3842773437500001 0.85302734375 0.3842773437500001
0 0.6435546875 0.4956054687500001 0.572265625 0.4956054687500001 0.572265625 0.56640625 0.6435546875 0.56640625
0 0.40283203125 0.007812500000000038 0.2216796875 0.007812500000000028 0.2216796875 0.21484375000000003 0.40283203125 0.21484375000000006
0 0.41064453125 0.19628906250000006 0.26123046875 0.19628906250000006 0.26123046875 0.35791015625 0.41064453125 0.35791015625
0 0.4228515625 0.34326171875 0.32080078125 0.34326171875 0.32080078125 0.44091796875 0.4228515625 0.44091796875
0 0.43994140625000006 0.416015625 0.37744140625 0.416015625 0.37744140625000006 0.49267578125 0.4399414062500001 0.49267578125
0 0.724609375 0.552734375 0.67041015625 0.552734375 0.67041015625 0.611328125 0.724609375 0.611328125
0 0.64306640625 0.57080078125 0.595703125 0.57080078125 0.595703125 0.62548828125 0.64306640625 0.62548828125
0 0.6279296875 0.61669921875 0.59228515625 0.61669921875 0.59228515625 0.66064453125 0.6279296875 0.66064453125
0 0.61474609375 0.64794921875 0.587890625 0.64794921875 0.587890625 0.67578125 0.61474609375 0.67578125
0 0.6044921875 0.6689453125 0.57666015625 0.6689453125 0.57666015625 0.69140625 0.6044921875 0.69140625
0 0.56396484375 0.66015625 0.533203125 0.66015625 0.533203125 0.68603515625 0.56396484375 0.68603515625
0 0.4985351562500001 0.62646484375 0.4653320312500001 0.62646484375 0.4653320312500001 0.65625 0.4985351562500001 0.65625
0 0.5068359375 0.65380859375 0.4726562500000001 0.65380859375 0.4726562500000001 0.671875 0.5068359375 0.671875
0 0.50830078125 0.65966796875 0.4838867187500001 0.65966796875 0.4838867187500001 0.685546875 0.50830078125 0.685546875
1 0.56640625 0.5810546875 0.548828125 0.5810546875 0.548828125 0.619140625 0.56640625 0.619140625
1 0.55224609375 0.6201171875 0.53515625 0.6201171875 0.53515625 0.65087890625 0.55224609375 0.65087890625
1 0.53515625 0.65087890625 0.52099609375 0.65087890625 0.52099609375 0.67529296875 0.53515625 0.67529296875
1 0.64990234375 0.6689453125 0.63818359375 0.6689453125 0.63818359375 0.69140625 0.64990234375 0.69140625
1 0.64013671875 0.681640625 0.63330078125 0.681640625 0.63330078125 0.70458984375 0.64013671875 0.70458984375
1 0.62451171875 0.70458984375 0.6171875 0.70458984375 0.6171875 0.7236328125 0.62451171875 0.7236328125
1 0.6123046875 0.7109375 0.6044921875 0.7109375 0.6044921875 0.72705078125 0.6123046875 0.72705078125
1 0.5546875 0.7138671875 0.54638671875 0.7138671875 0.54638671875 0.72802734375 0.5546875 0.72802734375
1 0.541015625 0.71337890625 0.53466796875 0.71337890625 0.53466796875 0.72900390625 0.541015625 0.72900390625
1 0.7919921875 0.5986328125 0.7607421875 0.5986328125 0.7607421875 0.63134765625 0.7919921875 0.63134765625
0 0.55712890625 0.7421875 0.5390625 0.7421875 0.5390625 0.76220703125 0.55712890625 0.76220703125
0 0.52392578125 0.72216796875 0.5068359375 0.72216796875 0.5068359375 0.7373046875 0.52392578125 0.7373046875
0 0.5283203125 0.7421875 0.5126953125 0.7421875 0.5126953125 0.75927734375 0.5283203125 0.75927734375