0 0.6181640625 0.4765625000000001 0.5537109375 0.4765625000000001 0.5537109375 0.5654296875 0.6181640625 0.5654296875
1 0.51904296875 0.4765625000000001 0.4995117187500001 0.4765625000000001 0.4995117187500001 0.5322265625 0.51904296875 0.5322265625
1 0.50732421875 0.4121093750000001 0.48291015625 0.4121093750000001 0.48291015625000006 0.4541015625000001 0.50732421875 0.4541015625000001
1 0.54443359375 0.4399414062500001 0.52392578125 0.4399414062500001 0.52392578125 0.4863281250000001 0.54443359375 0.4863281250000001
0 0.62890625 0.4038085937500001 0.5771484375 0.4038085937500001 0.5771484375 0.4570312500000001 0.62890625 0.4570312500000001
1 0.69091796875 0.4335937500000001 0.66796875 0.4335937500000001 0.66796875 0.4755859375000001 0.69091796875 0.4755859375000001
0 0.3393554687500001 0.66455078125 0.20166015625000006 0.66455078125 0.20166015625000008 0.85205078125 0.3393554687500001 0.85205078125
0 0.83349609375 0.55078125 0.67529296875 0.55078125 0.67529296875 0.77734375 0.83349609375 0.77734375
0 0.3549804687500001 0.5869140625 0.2729492187500001 0.5869140625 0.2729492187500001 0.681640625 0.3549804687500001 0.681640625
0 0.3789062500000001 0.52978515625 0.3129882812500001 0.52978515625 0.3129882812500001 0.60400390625 0.3789062500000001 0.60400390625
0 0.4287109375 0.36767578125 0.39990234375 0.36767578125 0.39990234375 0.39501953125 0.4287109375 0.39501953125
0 0.48681640625 0.32714843750000006 0.453125 0.3271484375 0.453125 0.37109375000000006 0.48681640625 0.3710937500000001
0 0.4345703125 0.349609375 0.40625 0.349609375 0.40625 0.37451171875 0.4345703125 0.37451171875
0 0.4404296875 0.33642578125 0.41357421875 0.33642578125 0.41357421875 0.3642578125 0.4404296875 0.3642578125
0 0.4990234375 0.2763671875000001 0.47509765625 0.2763671875000001 0.47509765625 0.3066406250000001 0.4990234375 0.3066406250000001
0 0.517578125 0.2968750000000001 0.50048828125 0.2968750000000001 0.50048828125 0.3120117187500001 0.517578125 0.3120117187500001
0 0.53369140625 0.3183593750000001 0.5126953125 0.3183593750000001 0.5126953125 0.3369140625000001 0.53369140625 0.3369140625000001
0 0.5859375 0.3427734375000001 0.55615234375 0.3427734375000001 0.55615234375 0.3754882812500001 0.5859375 0.3754882812500001
1 0.53466796875 0.3530273437500001 0.51953125 0.3530273437500001 0.51953125 0.3823242187500001 0.53466796875 0.3823242187500001
1 0.6123046875 0.3530273437500001 0.60107421875 0.3530273437500001 0.60107421875 0.3774414062500001 0.6123046875 0.3774414062500001
1 0.56298828125 0.3247070312500001 0.556640625 0.3247070312500001 0.556640625 0.3398437500000001 0.56298828125 0.3398437500000001
1 0.5439453125 0.3359375000000001 0.53369140625 0.3359375000000001 0.53369140625 0.3579101562500001 0.5439453125 0.3579101562500001
1 0.55419921875 0.3320312500000001 0.54541015625 0.3320312500000001 0.54541015625 0.3505859375000001 0.55419921875 0.3505859375000001
1 0.5107421875 0.3325195312500001 0.5009765625 0.3325195312500001 0.5009765625 0.3520507812500001 0.5107421875 0.3520507812500001
1 0.50537109375 0.3100585937500001 0.4951171875 0.3100585937500001 0.4951171875 0.3242187500000001 0.50537109375 0.3242187500000001
1 0.4755859375 0.3125000000000001 0.4658203125 0.3125000000000001 0.4658203125 0.3256835937500001 0.4755859375 0.3256835937500001
1 0.4755859375 0.2968750000000001 0.46923828125 0.2968750000000001 0.46923828125 0.3095703125000001 0.4755859375 0.3095703125000001
1 0.45947265625 0.2919921875000001 0.455078125 0.2919921875000001 0.455078125 0.3056640625000001 0.45947265625 0.3056640625000001
1 0.46337890625 0.2758789062500001 0.45751953125 0.2758789062500001 0.45751953125 0.2895507812500001 0.46337890625 0.2895507812500001
1 0.541015625 0.3017578125000001 0.53076171875 0.3017578125000001 0.53076171875 0.3173828125000001 0.541015625 0.3173828125000001
1 0.52783203125 0.2993164062500001 0.5224609375 0.2993164062500001 0.5224609375 0.3144531250000001 0.52783203125 0.3144531250000001
1 0.53955078125 0.2832031250000001 0.53173828125 0.2832031250000001 0.53173828125 0.2958984375000001 0.53955078125 0.2958984375000001
1 0.54248046875 0.2939453125000001 0.5341796875 0.2939453125000001 0.5341796875 0.3046875000000001 0.54248046875 0.3046875000000001
1 0.56591796875 0.3134765625000001 0.5576171875 0.3134765625000001 0.5576171875 0.3276367187500001 0.56591796875 0.3276367187500001