0 0.4082031250000001 0.5126953125 0.3525390625000001 0.5126953125 0.3525390625000001 0.5712890625 0.4082031250000001 0.5712890625
1 0.4672851562500001 0.47558593750000006 0.4438476562500001 0.4755859375 0.4438476562500001 0.52685546875 0.4672851562500001 0.52685546875
1 0.49755859375000006 0.4291992187500001 0.4755859375 0.4291992187500001 0.47558593750000006 0.4873046875000001 0.4975585937500001 0.4873046875000001
1 0.5087890625 0.5166015625 0.4887695312500001 0.5166015625 0.4887695312500001 0.56494140625 0.5087890625 0.56494140625
0 0.42968750000000006 0.349609375 0.33935546875 0.349609375 0.33935546875000006 0.47216796875 0.4296875000000001 0.47216796875
1 0.3056640625000001 0.4873046875 0.2783203125000001 0.4873046875 0.2783203125000001 0.53662109375 0.3056640625000001 0.53662109375
0 0.79150390625 0.15380859375000008 0.658203125 0.15380859375000006 0.658203125 0.3281250000000001 0.79150390625 0.3281250000000001
0 0.72314453125 0.3188476562500001 0.6357421875 0.3188476562500001 0.6357421875 0.4155273437500001 0.72314453125 0.4155273437500001
0 0.6865234375 0.3842773437500001 0.61328125 0.3842773437500001 0.61328125 0.4697265625000001 0.6865234375 0.4697265625000001
0 0.4375000000000001 0.61328125 0.4057617187500001 0.61328125 0.4057617187500001 0.64697265625 0.4375000000000001 0.64697265625
0 0.5966796875 0.60107421875 0.5693359375 0.60107421875 0.5693359375 0.63134765625 0.5966796875 0.63134765625
0 0.53955078125 0.62451171875 0.50927734375 0.62451171875 0.50927734375 0.6650390625 0.53955078125 0.6650390625
0 0.4848632812500001 0.65576171875 0.4619140625000001 0.65576171875 0.4619140625000001 0.67724609375 0.4848632812500001 0.67724609375
0 0.52197265625 0.69091796875 0.4990234375000001 0.69091796875 0.4990234375000001 0.71923828125 0.52197265625 0.71923828125
0 0.4960937500000001 0.68310546875 0.4765625000000001 0.68310546875 0.4765625000000001 0.697265625 0.4960937500000001 0.697265625
0 0.50048828125 0.70849609375 0.4853515625000001 0.70849609375 0.4853515625000001 0.72021484375 0.50048828125 0.72021484375
1 0.4765625000000001 0.60205078125 0.4658203125000001 0.60205078125 0.4658203125000001 0.63525390625 0.4765625000000001 0.63525390625
1 0.3891601562500001 0.61376953125 0.3750000000000001 0.61376953125 0.3750000000000001 0.64208984375 0.3891601562500001 0.64208984375
1 0.4340820312500001 0.662109375 0.4238281250000001 0.662109375 0.4238281250000001 0.67919921875 0.4340820312500001 0.67919921875
1 0.4633789062500001 0.62890625 0.4501953125000001 0.62890625 0.4501953125000001 0.65576171875 0.4633789062500001 0.65576171875
1 0.4931640625000001 0.63916015625 0.4838867187500001 0.63916015625 0.4838867187500001 0.65966796875 0.4931640625000001 0.65966796875
1 0.4506835937500001 0.6376953125 0.4438476562500001 0.6376953125 0.4438476562500001 0.6591796875 0.4506835937500001 0.6591796875
1 0.4375000000000001 0.650390625 0.4321289062500001 0.650390625 0.4321289062500001 0.6689453125 0.4375000000000001 0.6689453125
1 0.5283203125 0.6845703125 0.52294921875 0.6845703125 0.52294921875 0.69873046875 0.5283203125 0.69873046875
1 0.54638671875 0.689453125 0.53759765625 0.689453125 0.53759765625 0.70458984375 0.54638671875 0.70458984375
1 0.541015625 0.70947265625 0.5341796875 0.70947265625 0.5341796875 0.72119140625 0.541015625 0.72119140625
1 0.4643554687500001 0.7021484375 0.4570312500000001 0.7021484375 0.4570312500000001 0.7119140625 0.4643554687500001 0.7119140625
1 0.4604492187500001 0.685546875 0.4521484375000001 0.685546875 0.4521484375000001 0.701171875 0.4604492187500001 0.701171875
1 0.4755859375000001 0.6787109375 0.4697265625000001 0.6787109375 0.4697265625000001 0.69482421875 0.4755859375000001 0.69482421875
1 0.4663085937500001 0.6708984375 0.4609375000000001 0.6708984375 0.4609375000000001 0.68701171875 0.4663085937500001 0.68701171875
1 0.5 0.66748046875 0.4907226562500001 0.66748046875 0.4907226562500001 0.68505859375 0.5 0.68505859375
1 0.53173828125 0.66748046875 0.52490234375 0.66748046875 0.52490234375 0.68212890625 0.53173828125 0.68212890625
0 0.58984375 0.62548828125 0.56298828125 0.62548828125 0.56298828125 0.64892578125 0.58984375 0.64892578125
0 0.58154296875 0.634765625 0.55810546875 0.634765625 0.55810546875 0.66162109375 0.58154296875 0.66162109375