1 0.58544921875 0.4936523437500001 0.55908203125 0.4936523437500001 0.55908203125 0.5654296875 0.58544921875 0.5654296875
1 0.6044921875 0.74609375 0.560546875 0.74609375 0.560546875 0.85888671875 0.6044921875 0.85888671875
0 0.3452148437500001 0.662109375 0.20703125000000006 0.662109375 0.20703125000000008 0.83984375 0.3452148437500001 0.83984375
0 0.3671875000000001 0.576171875 0.2744140625000001 0.576171875 0.2744140625000001 0.6806640625 0.3671875000000001 0.6806640625
0 0.3891601562500001 0.52294921875 0.3071289062500001 0.52294921875 0.3071289062500001 0.60791015625 0.3891601562500001 0.60791015625
0 0.69775390625 0.4433593750000001 0.62890625 0.4433593750000001 0.62890625 0.5126953125 0.69775390625 0.5126953125
1 0.5703125 0.4296875000000001 0.548828125 0.4296875000000001 0.548828125 0.4736328125000001 0.5703125 0.4736328125000001
1 0.58544921875 0.4125976562500001 0.56884765625 0.4125976562500001 0.56884765625 0.4516601562500001 0.58544921875 0.4516601562500001
1 0.60888671875 0.3930664062500001 0.591796875 0.3930664062500001 0.591796875 0.4272460937500001 0.60888671875 0.4272460937500001
1 0.72900390625 0.3828125000000001 0.69921875 0.3828125000000001 0.69921875 0.4165039062500001 0.72900390625 0.4165039062500001
1 0.63232421875 0.3652343750000001 0.615234375 0.3652343750000001 0.615234375 0.3969726562500001 0.63232421875 0.3969726562500001
1 0.552734375 0.3808593750000001 0.53759765625 0.3808593750000001 0.53759765625 0.4140625000000001 0.552734375 0.4140625000000001
1 0.45751953125 0.36425781250000006 0.4443359375 0.3642578125 0.4443359375 0.39550781250000006 0.45751953125 0.3955078125000001
1 0.5986328125 0.3457031250000001 0.58544921875 0.3457031250000001 0.58544921875 0.3715820312500001 0.5986328125 0.3715820312500001
0 0.4365234375 0.3603515625 0.40478515625 0.3603515625 0.40478515625 0.39208984375 0.4365234375 0.39208984375
0 0.44189453125 0.34326171875 0.4140625 0.34326171875 0.4140625 0.369140625 0.44189453125 0.369140625
0 0.44921875 0.32958984375 0.419921875 0.32958984375 0.419921875 0.3583984375 0.44921875 0.3583984375
0 0.56201171875 0.3413085937500001 0.5322265625 0.3413085937500001 0.5322265625 0.3696289062500001 0.56201171875 0.3696289062500001
0 0.51513671875 0.3481445312500001 0.47265625 0.3481445312500001 0.47265625 0.4052734375000001 0.51513671875 0.4052734375000001
1 0.580078125 0.3339843750000001 0.568359375 0.3339843750000001 0.568359375 0.3579101562500001 0.580078125 0.3579101562500001
1 0.5302734375 0.3344726562500001 0.5185546875 0.3344726562500001 0.5185546875 0.3593750000000001 0.5302734375 0.3593750000000001
1 0.5576171875 0.3291015625000001 0.54833984375 0.3291015625000001 0.54833984375 0.3457031250000001 0.5576171875 0.3457031250000001
0 0.54248046875 0.3183593750000001 0.51806640625 0.3183593750000001 0.51806640625 0.3398437500000001 0.54248046875 0.3398437500000001
1 0.47998046875 0.3139648437500001 0.4716796875 0.3139648437500001 0.4716796875 0.3330078125000001 0.47998046875 0.3330078125000001
1 0.4580078125 0.30029296875000006 0.45068359375 0.30029296875 0.45068359375 0.31640625000000006 0.4580078125 0.3164062500000001
0 0.515625 0.2866210937500001 0.4833984375 0.2866210937500001 0.4833984375 0.3261718750000001 0.515625 0.3261718750000001
0 0.53564453125 0.2910156250000001 0.51708984375 0.2910156250000001 0.51708984375 0.3061523437500001 0.53564453125 0.3061523437500001
1 0.56689453125 0.3017578125000001 0.55810546875 0.3017578125000001 0.55810546875 0.3193359375000001 0.56689453125 0.3193359375000001
1 0.576171875 0.3232421875000001 0.56689453125 0.3232421875000001 0.56689453125 0.3413085937500001 0.576171875 0.3413085937500001
1 0.4736328125 0.2841796875000001 0.466796875 0.2841796875000001 0.466796875 0.2993164062500001 0.4736328125 0.2993164062500001
1 0.48583984375 0.3344726562500001 0.4755859375 0.3344726562500001 0.4755859375 0.3510742187500001 0.48583984375 0.3510742187500001
1 0.50244140625 0.2758789062500001 0.49658203125 0.2758789062500001 0.49658203125 0.2861328125000001 0.50244140625 0.2861328125000001
1 0.490234375 0.2758789062500001 0.48486328125 0.2758789062500001 0.48486328125 0.2885742187500001 0.490234375 0.2885742187500001
1 0.46142578125 0.28076171875000006 0.4453125 0.28076171875 0.4453125 0.29394531250000006 0.46142578125 0.2939453125000001
1 0.54150390625 0.2788085937500001 0.5341796875 0.2788085937500001 0.5341796875 0.2924804687500001 0.54150390625 0.2924804687500001