0 0.4062500000000001 0.79541015625 0.3076171875000001 0.79541015625 0.3076171875000001 0.953125 0.4062500000000001 0.953125
0 0.806640625 0.6474609375 0.6953125 0.6474609375 0.6953125 0.73779296875 0.806640625 0.73779296875
0 0.3818359375000001 0.6923828125 0.3076171875000001 0.6923828125 0.3076171875000001 0.79150390625 0.3818359375000001 0.79150390625
1 0.3017578125000001 0.6826171875 0.2299804687500001 0.6826171875 0.2299804687500001 0.72705078125 0.3017578125000001 0.72705078125
1 0.4907226562500001 0.55029296875 0.4682617187500001 0.55029296875 0.4682617187500001 0.58984375 0.4907226562500001 0.58984375
1 0.3994140625000001 0.50146484375 0.3847656250000001 0.50146484375 0.3847656250000001 0.533203125 0.3994140625000001 0.533203125
1 0.3818359375000001 0.4736328125 0.3730468750000001 0.4736328125 0.3730468750000001 0.4951171875 0.3818359375000001 0.4951171875
1 0.4140625000000001 0.47265625 0.4023437500000001 0.47265625 0.4023437500000001 0.49462890625 0.4140625000000001 0.49462890625
1 0.4306640625000001 0.48046875 0.4184570312500001 0.48046875 0.4184570312500001 0.5068359375 0.4306640625000001 0.5068359375
1 0.4589843750000001 0.47949218750000006 0.4477539062500001 0.4794921875 0.4477539062500001 0.5 0.4589843750000001 0.5
1 0.5146484375 0.4726562500000001 0.4980468750000001 0.4726562500000001 0.4980468750000001 0.4985351562500001 0.5146484375 0.4985351562500001
1 0.5654296875 0.51220703125 0.5458984375 0.51220703125 0.5458984375 0.54541015625 0.5654296875 0.54541015625
1 0.4951171875000001 0.4545898437500001 0.4838867187500001 0.4545898437500001 0.4838867187500001 0.4721679687500001 0.4951171875000001 0.4721679687500001
1 0.4794921875000001 0.4560546875000001 0.4672851562500001 0.4560546875000001 0.4672851562500001 0.4731445312500001 0.4794921875000001 0.4731445312500001
1 0.47216796875000006 0.4379882812500001 0.4619140625 0.4379882812500001 0.46191406250000006 0.4555664062500001 0.4721679687500001 0.4555664062500001
0 0.3676757812500001 0.5654296875 0.3212890625000001 0.5654296875 0.3212890625000001 0.611328125 0.3676757812500001 0.611328125
0 0.3657226562500001 0.53515625 0.3271484375000001 0.53515625 0.3271484375000001 0.568359375 0.3657226562500001 0.568359375
0 0.3652343750000001 0.5185546875 0.3339843750000001 0.5185546875 0.3339843750000001 0.54443359375 0.3652343750000001 0.54443359375
0 0.40380859375000006 0.43359375 0.37158203125 0.43359375 0.37158203125000006 0.47412109375 0.4038085937500001 0.47412109375
0 0.35449218750000006 0.44140625 0.33642578125 0.44140625 0.33642578125000006 0.45556640625 0.3544921875000001 0.45556640625
0 0.45410156250000006 0.44873046875000006 0.43310546875 0.44873046875 0.43310546875000006 0.46875000000000006 0.4541015625000001 0.4687500000000001
0 0.43505859375000006 0.44091796875 0.41455078125 0.44091796875 0.41455078125000006 0.45703125 0.4350585937500001 0.45703125
0 0.4248046875 0.42822265625 0.41015625 0.42822265625 0.41015625 0.443359375 0.4248046875 0.443359375
0 0.4169921875 0.40869140625 0.400390625 0.40869140625 0.400390625 0.4326171875 0.4169921875 0.4326171875