1 0.5283203125 0.4565429687500001 0.517578125 0.4565429687500001 0.517578125 0.4736328125000001 0.5283203125 0.4736328125000001
1 0.513671875 0.4541015625000001 0.50390625 0.4541015625000001 0.50390625 0.4721679687500001 0.513671875 0.4721679687500001
1 0.5537109375 0.4726562500000001 0.5439453125 0.4726562500000001 0.5439453125 0.4931640625000001 0.5537109375 0.4931640625000001
1 0.57470703125 0.4770507812500001 0.56591796875 0.4770507812500001 0.56591796875 0.4985351562500001 0.57470703125 0.4985351562500001
1 0.5927734375 0.4721679687500001 0.58349609375 0.4721679687500001 0.58349609375 0.4921875000000001 0.5927734375 0.4921875000000001
1 0.61669921875 0.4736328125000001 0.607421875 0.4736328125000001 0.607421875 0.4926757812500001 0.61669921875 0.4926757812500001
1 0.6064453125 0.4956054687500001 0.595703125 0.4956054687500001 0.595703125 0.5234375 0.6064453125 0.5234375
1 0.53857421875 0.52978515625 0.5244140625 0.52978515625 0.5244140625 0.5615234375 0.53857421875 0.5615234375
0 0.65673828125 0.52783203125 0.62451171875 0.52783203125 0.62451171875 0.5546875 0.65673828125 0.5546875
0 0.6591796875 0.54248046875 0.625 0.54248046875 0.625 0.5771484375 0.6591796875 0.5771484375
0 0.66650390625 0.57470703125 0.625 0.57470703125 0.625 0.61767578125 0.66650390625 0.61767578125
0 0.67919921875 0.70458984375 0.59912109375 0.70458984375 0.59912109375 0.79833984375 0.67919921875 0.79833984375
0 0.6801757812500001 0.80859375 0.5791015625 0.80859375 0.5791015625000001 0.95068359375 0.6801757812500002 0.95068359375
0 0.3740234375000001 0.5869140625 0.3007812500000001 0.5869140625 0.3007812500000001 0.64013671875 0.3740234375000001 0.64013671875
1 0.50244140625 0.4667968750000001 0.4921875000000001 0.4667968750000001 0.4921875000000001 0.4902343750000001 0.50244140625 0.4902343750000001
1 0.4746093750000001 0.4946289062500001 0.4599609375000001 0.4946289062500001 0.4599609375000001 0.52099609375 0.4746093750000001 0.52099609375
0 0.5615234375 0.4531250000000001 0.5400390625 0.4531250000000001 0.5400390625 0.4697265625000001 0.5615234375 0.4697265625000001
1 0.53564453125 0.4428710937500001 0.5283203125 0.4428710937500001 0.5283203125 0.4575195312500001 0.53564453125 0.4575195312500001
0 0.57861328125 0.4433593750000001 0.56005859375 0.4433593750000001 0.56005859375 0.4589843750000001 0.57861328125 0.4589843750000001
0 0.65283203125 0.4506835937500001 0.63330078125 0.4506835937500001 0.63330078125 0.4692382812500001 0.65283203125 0.4692382812500001
0 0.623046875 0.4370117187500001 0.5888671875 0.4370117187500001 0.5888671875 0.4765625000000001 0.623046875 0.4765625000000001
0 0.5830078125 0.4335937500000001 0.56689453125 0.4335937500000001 0.56689453125 0.4477539062500001 0.5830078125 0.4477539062500001
0 0.59228515625 0.4169921875000001 0.57470703125 0.4169921875000001 0.57470703125 0.4365234375000001 0.59228515625 0.4365234375000001
0 0.64892578125 0.4331054687500001 0.6328125 0.4331054687500001 0.6328125 0.4477539062500001 0.64892578125 0.4477539062500001
1 0.75048828125 0.6943359375 0.6845703125 0.6943359375 0.6845703125 0.73681640625 0.75048828125 0.73681640625