1 0.68994140625 0.23339843750000008 0.6513671875 0.23339843750000006 0.6513671875 0.3344726562500001 0.68994140625 0.3344726562500001
1 0.6064453125 0.3261718750000001 0.5732421875 0.3261718750000001 0.5732421875 0.4125976562500001 0.6064453125 0.4125976562500001
1 0.744140625 0.3735351562500001 0.70947265625 0.3735351562500001 0.70947265625 0.4482421875000001 0.744140625 0.4482421875000001
1 0.57080078125 0.4902343750000001 0.54736328125 0.4902343750000001 0.54736328125 0.54345703125 0.57080078125 0.54345703125
0 0.3671875 0.15332031250000006 0.23974609375 0.15332031250000006 0.23974609375000003 0.326171875 0.3671875 0.326171875
0 0.3935546875 0.31201171875 0.31298828125 0.31201171875 0.31298828125 0.4091796875 0.3935546875 0.4091796875
0 0.40820312500000006 0.384765625 0.3447265625 0.384765625 0.34472656250000006 0.46484375 0.4082031250000001 0.46484375
0 0.6181640625 0.52490234375 0.5732421875 0.52490234375 0.5732421875 0.57861328125 0.6181640625 0.57861328125
0 0.4570312500000001 0.59423828125 0.4282226562500001 0.59423828125 0.4282226562500001 0.62939453125 0.4570312500000001 0.62939453125
0 0.60009765625 0.60693359375 0.56787109375 0.60693359375 0.56787109375 0.6640625 0.60009765625 0.6640625
0 0.5576171875 0.6318359375 0.53125 0.6318359375 0.53125 0.66162109375 0.5576171875 0.66162109375
0 0.4624023437500001 0.6201171875 0.4331054687500001 0.6201171875 0.4331054687500001 0.64697265625 0.4624023437500001 0.64697265625
0 0.4677734375000001 0.634765625 0.4404296875000001 0.634765625 0.4404296875000001 0.6591796875 0.4677734375000001 0.6591796875
0 0.4926757812500001 0.6455078125 0.4555664062500001 0.6455078125 0.4555664062500001 0.6796875 0.4926757812500001 0.6796875
0 0.57373046875 0.654296875 0.55322265625 0.654296875 0.55322265625 0.67626953125 0.57373046875 0.67626953125
0 0.57421875 0.6767578125 0.55419921875 0.6767578125 0.55419921875 0.6943359375 0.57421875 0.6943359375
0 0.54345703125 0.6904296875 0.52734375 0.6904296875 0.52734375 0.70458984375 0.54345703125 0.70458984375
0 0.51806640625 0.68896484375 0.50341796875 0.68896484375 0.50341796875 0.703125 0.51806640625 0.703125
0 0.4814453125000001 0.6962890625 0.4648437500000001 0.6962890625 0.4648437500000001 0.70947265625 0.4814453125000001 0.70947265625
0 0.5146484375 0.7119140625 0.4970703125000001 0.7119140625 0.4970703125000001 0.73291015625 0.5146484375 0.73291015625
0 0.53173828125 0.70751953125 0.52099609375 0.70751953125 0.52099609375 0.71875 0.53173828125 0.71875
0 0.525390625 0.72607421875 0.51708984375 0.72607421875 0.51708984375 0.7333984375 0.525390625 0.7333984375
0 0.4838867187500001 0.71728515625 0.4726562500000001 0.71728515625 0.4726562500000001 0.72998046875 0.4838867187500001 0.72998046875
1 0.4907226562500001 0.70361328125 0.4858398437500001 0.70361328125 0.4858398437500001 0.7158203125 0.4907226562500001 0.7158203125
1 0.4965820312500001 0.71923828125 0.4916992187500001 0.71923828125 0.4916992187500001 0.73046875 0.4965820312500001 0.73046875
1 0.50341796875 0.6962890625 0.4980468750000001 0.6962890625 0.4980468750000001 0.7109375 0.50341796875 0.7109375
1 0.52001953125 0.70068359375 0.5126953125 0.70068359375 0.5126953125 0.712890625 0.52001953125 0.712890625
1 0.54150390625 0.7060546875 0.53564453125 0.7060546875 0.53564453125 0.716796875 0.54150390625 0.716796875
1 0.55810546875 0.6904296875 0.55078125 0.6904296875 0.55078125 0.70263671875 0.55810546875 0.70263671875
1 0.51806640625 0.66943359375 0.51025390625 0.66943359375 0.51025390625 0.6865234375 0.51806640625 0.6865234375
1 0.51708984375 0.64599609375 0.5078125 0.64599609375 0.5078125 0.666015625 0.51708984375 0.666015625
1 0.51416015625 0.6201171875 0.5048828125 0.6201171875 0.5048828125 0.64794921875 0.51416015625 0.64794921875
1 0.5302734375 0.64501953125 0.51953125 0.64501953125 0.51953125 0.66650390625 0.5302734375 0.66650390625
1 0.52978515625 0.58544921875 0.51806640625 0.58544921875 0.51806640625 0.61669921875 0.52978515625 0.61669921875
1 0.61279296875 0.63134765625 0.603515625 0.63134765625 0.603515625 0.65625 0.61279296875 0.65625
1 0.587890625 0.67431640625 0.58154296875 0.67431640625 0.58154296875 0.69140625 0.587890625 0.69140625
1 0.56591796875 0.69580078125 0.55908203125 0.69580078125 0.55908203125 0.70458984375 0.56591796875 0.70458984375
1 0.5625 0.69775390625 0.55615234375 0.69775390625 0.55615234375 0.7099609375 0.5625 0.7099609375
1 0.552734375 0.701171875 0.5478515625 0.701171875 0.5478515625 0.7099609375 0.552734375 0.7099609375
1 0.55517578125 0.70751953125 0.55029296875 0.70751953125 0.55029296875 0.71875 0.55517578125 0.71875
1 0.54736328125 0.70849609375 0.54296875 0.70849609375 0.54296875 0.72119140625 0.54736328125 0.72119140625