1 0.62255859375 0.3457031250000001 0.58349609375 0.3457031250000001 0.58349609375 0.4316406250000001 0.62255859375 0.4316406250000001
0 0.34814453125 0.16064453125000003 0.2119140625 0.16064453125 0.21191406250000003 0.33740234375 0.34814453125 0.33740234375
0 0.51611328125 0.5830078125 0.4794921875000001 0.5830078125 0.4794921875000001 0.6455078125 0.51611328125 0.6455078125
0 0.56884765625 0.62353515625 0.54052734375 0.62353515625 0.54052734375 0.6513671875 0.56884765625 0.6513671875
0 0.4394531250000001 0.607421875 0.4101562500000001 0.607421875 0.4101562500000001 0.6396484375 0.4394531250000001 0.6396484375
0 0.51513671875 0.6689453125 0.4882812500000001 0.6689453125 0.4882812500000001 0.708984375 0.51513671875 0.708984375
0 0.54248046875 0.6875 0.52392578125 0.6875 0.52392578125 0.7021484375 0.54248046875 0.7021484375
1 0.4580078125000001 0.6806640625 0.4521484375000001 0.6806640625 0.4521484375000001 0.697265625 0.4580078125000001 0.697265625
1 0.4765625000000001 0.69775390625 0.4711914062500001 0.69775390625 0.4711914062500001 0.71240234375 0.4765625000000001 0.71240234375
1 0.4824218750000001 0.66162109375 0.4750976562500001 0.66162109375 0.4750976562500001 0.6806640625 0.4824218750000001 0.6806640625
1 0.57421875 0.673828125 0.56787109375 0.673828125 0.56787109375 0.6923828125 0.57421875 0.6923828125
1 0.6103515625 0.6142578125 0.60205078125 0.6142578125 0.60205078125 0.6416015625 0.6103515625 0.6416015625
1 0.591796875 0.63037109375 0.58251953125 0.63037109375 0.58251953125 0.65625 0.591796875 0.65625
1 0.4550781250000001 0.59033203125 0.4433593750000001 0.59033203125 0.4433593750000001 0.62158203125 0.4550781250000001 0.62158203125
1 0.56005859375 0.56689453125 0.54443359375 0.56689453125 0.54443359375 0.60205078125 0.56005859375 0.60205078125
1 0.65283203125 0.58154296875 0.6376953125 0.58154296875 0.6376953125 0.61474609375 0.65283203125 0.61474609375
1 0.6240234375 0.541015625 0.60888671875 0.541015625 0.60888671875 0.580078125 0.6240234375 0.580078125
1 0.60302734375 0.50634765625 0.58740234375 0.50634765625 0.58740234375 0.55224609375 0.60302734375 0.55224609375
1 0.5859375 0.4794921875000001 0.56396484375 0.4794921875000001 0.56396484375 0.53125 0.5859375 0.53125
1 0.751953125 0.5791015625 0.72265625 0.5791015625 0.72265625 0.61279296875 0.751953125 0.61279296875