0 0.6474609375 0.4287109375000001 0.591796875 0.4287109375000001 0.591796875 0.4873046875000001 0.6474609375 0.4873046875000001
1 0.55615234375 0.4731445312500001 0.53271484375 0.4731445312500001 0.53271484375 0.5244140625 0.55615234375 0.5244140625
1 0.5244140625 0.5126953125 0.50244140625 0.5126953125 0.50244140625 0.57080078125 0.5244140625 0.57080078125
1 0.51123046875 0.4350585937500001 0.4912109375 0.4350585937500001 0.49121093750000006 0.4833984375000001 0.51123046875 0.4833984375000001
0 0.66064453125 0.52783203125 0.5703125 0.52783203125 0.5703125 0.650390625 0.66064453125 0.650390625
1 0.7216796875 0.4633789062500001 0.6943359375 0.4633789062500001 0.6943359375 0.5126953125 0.7216796875 0.5126953125
0 0.3417968750000001 0.671875 0.20849609375000006 0.671875 0.20849609375000008 0.84619140625 0.3417968750000001 0.84619140625
0 0.3642578125000001 0.58447265625 0.2768554687500001 0.58447265625 0.2768554687500001 0.68115234375 0.3642578125000001 0.68115234375
0 0.3867187500000001 0.5302734375 0.3134765625000001 0.5302734375 0.3134765625000001 0.61572265625 0.3867187500000001 0.61572265625
0 0.59423828125 0.3530273437500001 0.5625 0.3530273437500001 0.5625 0.3867187500000001 0.59423828125 0.3867187500000001
0 0.4306640625 0.36865234375 0.4033203125 0.36865234375 0.4033203125 0.39892578125 0.4306640625 0.39892578125
0 0.49072265625 0.3349609375000001 0.46044921875 0.3349609375000001 0.46044921875 0.3754882812500001 0.49072265625 0.3754882812500001
0 0.5380859375 0.3227539062500001 0.51513671875 0.3227539062500001 0.51513671875 0.3442382812500001 0.5380859375 0.3442382812500001
0 0.5009765625 0.2807617187500001 0.47802734375 0.2807617187500001 0.47802734375 0.3090820312500001 0.5009765625 0.3090820312500001
0 0.5234375 0.3027343750000001 0.50390625 0.3027343750000001 0.50390625 0.3168945312500001 0.5234375 0.3168945312500001
0 0.5146484375 0.2797851562500001 0.49951171875 0.2797851562500001 0.49951171875 0.2915039062500001 0.5146484375 0.2915039062500001
1 0.5341796875 0.3647460937500001 0.5234375 0.3647460937500001 0.5234375 0.3979492187500001 0.5341796875 0.3979492187500001
1 0.625 0.3579101562500001 0.61083984375 0.3579101562500001 0.61083984375 0.3862304687500001 0.625 0.3862304687500001
1 0.576171875 0.3208007812500001 0.56591796875 0.3208007812500001 0.56591796875 0.3378906250000001 0.576171875 0.3378906250000001
1 0.5498046875 0.3442382812500001 0.53662109375 0.3442382812500001 0.53662109375 0.3710937500000001 0.5498046875 0.3710937500000001
1 0.51611328125 0.3403320312500001 0.5068359375 0.3403320312500001 0.5068359375 0.3608398437500001 0.51611328125 0.3608398437500001
1 0.55615234375 0.3408203125000001 0.54931640625 0.3408203125000001 0.54931640625 0.3623046875000001 0.55615234375 0.3623046875000001
1 0.56787109375 0.3310546875000001 0.5625 0.3310546875000001 0.5625 0.3496093750000001 0.56787109375 0.3496093750000001
1 0.47705078125 0.3012695312500001 0.4716796875 0.3012695312500001 0.4716796875 0.3154296875000001 0.47705078125 0.3154296875000001
1 0.46240234375 0.2954101562500001 0.45361328125 0.2954101562500001 0.45361328125 0.3105468750000001 0.46240234375 0.3105468750000001
1 0.4658203125 0.2788085937500001 0.458984375 0.2788085937500001 0.458984375 0.2905273437500001 0.4658203125 0.2905273437500001
1 0.54296875 0.2880859375000001 0.53564453125 0.2880859375000001 0.53564453125 0.2978515625000001 0.54296875 0.2978515625000001
1 0.5478515625 0.2988281250000001 0.53955078125 0.2988281250000001 0.53955078125 0.3144531250000001 0.5478515625 0.3144531250000001
1 0.5302734375 0.3051757812500001 0.5244140625 0.3051757812500001 0.5244140625 0.3212890625000001 0.5302734375 0.3212890625000001
1 0.5390625 0.3129882812500001 0.53369140625 0.3129882812500001 0.53369140625 0.3291015625000001 0.5390625 0.3291015625000001
1 0.50927734375 0.3149414062500001 0.5 0.3149414062500001 0.5 0.3325195312500001 0.50927734375 0.3325195312500001
1 0.47509765625 0.3178710937500001 0.46826171875 0.3178710937500001 0.46826171875 0.3325195312500001 0.47509765625 0.3325195312500001
0 0.43701171875 0.35107421875 0.41015625 0.35107421875 0.41015625 0.37451171875 0.43701171875 0.37451171875
0 0.44189453125 0.33837890625 0.41845703125 0.33837890625 0.41845703125 0.365234375 0.44189453125 0.365234375