1 0.47314453125000006 0.4423828125000001 0.4638671875 0.4423828125000001 0.46386718750000006 0.4604492187500001 0.4731445312500001 0.4604492187500001
0 0.45214843750000006 0.45263671875 0.42919921875 0.45263671875 0.42919921875000006 0.47314453125 0.4521484375000001 0.47314453125
0 0.42968750000000006 0.4423828125 0.40869140625 0.4423828125 0.40869140625000006 0.458984375 0.4296875000000001 0.458984375
1 0.4809570312500001 0.4609375000000001 0.4707031250000001 0.4609375000000001 0.4707031250000001 0.4809570312500001 0.4809570312500001 0.4809570312500001
1 0.4985351562500001 0.4633789062500001 0.4887695312500001 0.4633789062500001 0.4887695312500001 0.4843750000000001 0.4985351562500001 0.4843750000000001
1 0.4121093750000001 0.47705078125 0.3999023437500001 0.47705078125 0.3999023437500001 0.50146484375 0.4121093750000001 0.50146484375
1 0.3769531250000001 0.47705078125 0.3662109375000001 0.47705078125 0.3662109375000001 0.49951171875 0.3769531250000001 0.49951171875
1 0.5234375 0.4833984375000001 0.5078125 0.4833984375000001 0.5078125 0.5107421875 0.5234375 0.5107421875
1 0.4687500000000001 0.4897460937500001 0.4550781250000001 0.4897460937500001 0.4550781250000001 0.51611328125 0.4687500000000001 0.51611328125
1 0.4316406250000001 0.4921875 0.4199218750000001 0.4921875 0.4199218750000001 0.51806640625 0.4316406250000001 0.51806640625
1 0.3969726562500001 0.5146484375 0.3823242187500001 0.5146484375 0.3823242187500001 0.546875 0.3969726562500001 0.546875
1 0.404296875 0.43310546875 0.3974609375 0.43310546875 0.3974609375 0.44921875 0.404296875 0.44921875
0 0.42236328125 0.42822265625 0.40380859375 0.42822265625 0.40380859375 0.44287109375 0.42236328125 0.44287109375
0 0.40039062500000006 0.43212890625 0.361328125 0.43212890625 0.36132812500000006 0.4794921875 0.4003906250000001 0.4794921875
1 0.5078125 0.58984375 0.4858398437500001 0.58984375 0.4858398437500001 0.6328125 0.5078125 0.6328125
1 0.4799804687500001 0.86328125 0.4350585937500001 0.86328125 0.4350585937500001 0.990234375 0.4799804687500001 0.990234375
0 0.3935546875000001 0.79443359375 0.2905273437500001 0.79443359375 0.2905273437500001 0.9443359375 0.3935546875000001 0.9443359375
0 0.3745117187500001 0.68994140625 0.2954101562500001 0.68994140625 0.2954101562500001 0.783203125 0.3745117187500001 0.783203125
1 0.2900390625000001 0.67822265625 0.22167968750000006 0.67822265625 0.22167968750000008 0.72705078125 0.2900390625000001 0.72705078125
0 0.3535156250000001 0.5595703125 0.3095703125000001 0.5595703125 0.3095703125000001 0.60400390625 0.3535156250000001 0.60400390625
0 0.3535156250000001 0.52734375 0.3168945312500001 0.52734375 0.3168945312500001 0.5634765625 0.3535156250000001 0.5634765625
0 0.3525390625000001 0.51123046875 0.3188476562500001 0.51123046875 0.3188476562500001 0.537109375 0.3525390625000001 0.537109375
0 0.34570312500000006 0.43603515625 0.32666015625 0.43603515625 0.32666015625000006 0.455078125 0.3457031250000001 0.455078125
0 0.4140625 0.40869140625 0.3935546875 0.40869140625 0.3935546875 0.43017578125 0.4140625 0.43017578125