1 0.56640625 0.57421875 0.53564453125 0.57421875 0.53564453125 0.6513671875 0.56640625 0.6513671875
0 0.3520507812500001 0.671875 0.21630859375000006 0.671875 0.21630859375000008 0.853515625 0.3520507812500001 0.853515625
0 0.3730468750000001 0.5849609375 0.2817382812500001 0.5849609375 0.2817382812500001 0.6884765625 0.3730468750000001 0.6884765625
0 0.3940429687500001 0.53173828125 0.3129882812500001 0.53173828125 0.3129882812500001 0.61669921875 0.3940429687500001 0.61669921875
1 0.51318359375 0.4086914062500001 0.49853515625 0.4086914062500001 0.49853515625 0.4458007812500001 0.51318359375 0.4458007812500001
0 0.5849609375 0.3969726562500001 0.53759765625 0.3969726562500001 0.53759765625 0.4467773437500001 0.5849609375 0.4467773437500001
0 0.6650390625 0.4091796875000001 0.59033203125 0.4091796875000001 0.59033203125 0.5146484375 0.6650390625 0.5146484375
1 0.642578125 0.3837890625000001 0.62646484375 0.3837890625000001 0.62646484375 0.4145507812500001 0.642578125 0.4145507812500001
0 0.59130859375 0.3603515625000001 0.556640625 0.3603515625000001 0.556640625 0.3935546875000001 0.59130859375 0.3935546875000001
1 0.53369140625 0.3793945312500001 0.52197265625 0.3793945312500001 0.52197265625 0.4111328125000001 0.53369140625 0.4111328125000001
1 0.505859375 0.3715820312500001 0.49267578125 0.3715820312500001 0.49267578125 0.4008789062500001 0.505859375 0.4008789062500001
0 0.439453125 0.36962890625 0.40869140625 0.36962890625 0.40869140625 0.40087890625 0.439453125 0.40087890625
0 0.44384765625 0.35302734375 0.416015625 0.35302734375 0.416015625 0.37744140625 0.44384765625 0.37744140625
0 0.44921875 0.337890625 0.42333984375 0.337890625 0.42333984375 0.36767578125 0.44921875 0.36767578125
0 0.49267578125 0.32226562500000006 0.4521484375 0.322265625 0.4521484375 0.36425781250000006 0.49267578125 0.3642578125000001
1 0.5283203125 0.3320312500000001 0.51806640625 0.3320312500000001 0.51806640625 0.3564453125000001 0.5283203125 0.3564453125000001
0 0.57958984375 0.3247070312500001 0.55224609375 0.3247070312500001 0.55224609375 0.3515625000000001 0.57958984375 0.3515625000000001
1 0.599609375 0.3325195312500001 0.58935546875 0.3325195312500001 0.58935546875 0.3569335937500001 0.599609375 0.3569335937500001
1 0.5068359375 0.3193359375000001 0.49755859375 0.3193359375000001 0.49755859375 0.3383789062500001 0.5068359375 0.3383789062500001
1 0.544921875 0.3164062500000001 0.53515625 0.3164062500000001 0.53515625 0.3364257812500001 0.544921875 0.3364257812500001
1 0.55615234375 0.3129882812500001 0.54833984375 0.3129882812500001 0.54833984375 0.3325195312500001 0.55615234375 0.3325195312500001
0 0.50439453125 0.3110351562500001 0.486328125 0.3110351562500001 0.486328125 0.3276367187500001 0.50439453125 0.3276367187500001
1 0.486328125 0.3037109375000001 0.47900390625 0.3037109375000001 0.47900390625 0.3183593750000001 0.486328125 0.3183593750000001
1 0.5068359375 0.2988281250000001 0.4990234375 0.2988281250000001 0.4990234375 0.3159179687500001 0.5068359375 0.3159179687500001
1 0.56201171875 0.3002929687500001 0.5537109375 0.3002929687500001 0.5537109375 0.3149414062500001 0.56201171875 0.3149414062500001
0 0.533203125 0.3095703125000001 0.51318359375 0.3095703125000001 0.51318359375 0.3266601562500001 0.533203125 0.3266601562500001
1 0.52685546875 0.2978515625000001 0.5185546875 0.2978515625000001 0.5185546875 0.3110351562500001 0.52685546875 0.3110351562500001
0 0.52099609375 0.2900390625000001 0.50537109375 0.2900390625000001 0.50537109375 0.3037109375000001 0.52099609375 0.3037109375000001
1 0.533203125 0.2905273437500001 0.52783203125 0.2905273437500001 0.52783203125 0.3056640625000001 0.533203125 0.3056640625000001
1 0.54345703125 0.2929687500000001 0.5361328125 0.2929687500000001 0.5361328125 0.3076171875000001 0.54345703125 0.3076171875000001
1 0.53857421875 0.2856445312500001 0.533203125 0.2856445312500001 0.533203125 0.2988281250000001 0.53857421875 0.2988281250000001
1 0.48583984375 0.2905273437500001 0.4794921875 0.2905273437500001 0.4794921875 0.3037109375000001 0.48583984375 0.3037109375000001
1 0.47119140625 0.2895507812500001 0.46630859375 0.2895507812500001 0.46630859375 0.3032226562500001 0.47119140625 0.3032226562500001
0 0.46240234375 0.28857421875000006 0.4462890625 0.28857421875 0.4462890625 0.30224609375000006 0.46240234375 0.3022460937500001
0 0.5029296875 0.2719726562500001 0.47998046875 0.2719726562500001 0.47998046875 0.2983398437500001 0.5029296875 0.2983398437500001
1 0.5400390625 0.2773437500000001 0.53515625 0.2773437500000001 0.53515625 0.2900390625000001 0.5400390625 0.2900390625000001
0 0.8857421875000001 0.7470703125 0.70458984375 0.7470703125 0.7045898437500001 0.96923828125 0.8857421875000002 0.96923828125