1 0.6440429687500001 0.841796875 0.58154296875 0.841796875 0.5815429687500001 0.99560546875 0.6440429687500002 0.99560546875
0 0.60595703125 0.4370117187500001 0.54541015625 0.4370117187500001 0.54541015625 0.5087890625 0.60595703125 0.5087890625
1 0.51611328125 0.4433593750000001 0.5009765625 0.4433593750000001 0.5009765625 0.4926757812500001 0.51611328125 0.4926757812500001
0 0.73828125 0.4716796875000001 0.62841796875 0.4716796875000001 0.62841796875 0.6357421875 0.73828125 0.6357421875
0 0.3569335937500001 0.66650390625 0.20947265625000006 0.66650390625 0.20947265625000008 0.84228515625 0.3569335937500001 0.84228515625
0 0.3662109375000001 0.58447265625 0.2802734375000001 0.58447265625 0.2802734375000001 0.6884765625 0.3662109375000001 0.6884765625
0 0.3852539062500001 0.5322265625 0.3144531250000001 0.5322265625 0.3144531250000001 0.61376953125 0.3852539062500001 0.61376953125
1 0.541015625 0.4155273437500001 0.5224609375 0.4155273437500001 0.5224609375 0.4462890625000001 0.541015625 0.4462890625000001
1 0.6669921875 0.4096679687500001 0.64990234375 0.4096679687500001 0.64990234375 0.4453125000000001 0.6669921875 0.4453125000000001
1 0.50732421875 0.3955078125000001 0.49169921875 0.3955078125000001 0.49169921875 0.4248046875000001 0.50732421875 0.4248046875000001
1 0.60693359375 0.3447265625000001 0.5986328125 0.3447265625000001 0.5986328125 0.3696289062500001 0.60693359375 0.3696289062500001
0 0.60888671875 0.3847656250000001 0.568359375 0.3847656250000001 0.568359375 0.4218750000000001 0.60888671875 0.4218750000000001
1 0.53564453125 0.3442382812500001 0.521484375 0.3442382812500001 0.521484375 0.3701171875000001 0.53564453125 0.3701171875000001
1 0.54638671875 0.3286132812500001 0.53564453125 0.3286132812500001 0.53564453125 0.3486328125000001 0.54638671875 0.3486328125000001
1 0.5087890625 0.3266601562500001 0.501953125 0.3266601562500001 0.501953125 0.3476562500000001 0.5087890625 0.3476562500000001
1 0.55517578125 0.3247070312500001 0.54931640625 0.3247070312500001 0.54931640625 0.3437500000000001 0.55517578125 0.3437500000000001
1 0.56396484375 0.3168945312500001 0.55712890625 0.3168945312500001 0.55712890625 0.3354492187500001 0.56396484375 0.3354492187500001
1 0.50732421875 0.3056640625000001 0.49853515625 0.3056640625000001 0.49853515625 0.3193359375000001 0.50732421875 0.3193359375000001
1 0.4794921875 0.3095703125000001 0.47412109375 0.3095703125000001 0.47412109375 0.3256835937500001 0.4794921875 0.3256835937500001
1 0.54248046875 0.2954101562500001 0.5361328125 0.2954101562500001 0.5361328125 0.3125000000000001 0.54248046875 0.3125000000000001
1 0.53076171875 0.3032226562500001 0.521484375 0.3032226562500001 0.521484375 0.3149414062500001 0.53076171875 0.3149414062500001
1 0.4814453125 0.2934570312500001 0.47509765625 0.2934570312500001 0.47509765625 0.3071289062500001 0.4814453125 0.3071289062500001
1 0.4677734375 0.2919921875000001 0.4609375 0.2919921875000001 0.4609375 0.3056640625000001 0.4677734375 0.3056640625000001
0 0.48974609375 0.3266601562500001 0.455078125 0.3266601562500001 0.455078125 0.3691406250000001 0.48974609375 0.3691406250000001
0 0.5849609375 0.3354492187500001 0.556640625 0.3354492187500001 0.556640625 0.3652343750000001 0.5849609375 0.3652343750000001
0 0.5341796875 0.3149414062500001 0.5146484375 0.3149414062500001 0.5146484375 0.3310546875000001 0.5341796875 0.3310546875000001
0 0.5029296875 0.2744140625000001 0.47900390625 0.2744140625000001 0.47900390625 0.3012695312500001 0.5029296875 0.3012695312500001
0 0.52001953125 0.2939453125000001 0.5048828125 0.2939453125000001 0.5048828125 0.3085937500000001 0.52001953125 0.3085937500000001
0 0.51318359375 0.2749023437500001 0.4990234375 0.2749023437500001 0.4990234375 0.2856445312500001 0.51318359375 0.2856445312500001
0 0.458984375 0.28759765625000006 0.443359375 0.28759765625 0.443359375 0.30029296875000006 0.458984375 0.3002929687500001
0 0.43701171875 0.37060546875 0.404296875 0.37060546875 0.404296875 0.3974609375 0.43701171875 0.3974609375
0 0.439453125 0.35107421875 0.4140625 0.35107421875 0.4140625 0.37451171875 0.439453125 0.37451171875
0 0.447265625 0.3369140625 0.42333984375 0.3369140625 0.42333984375 0.36572265625 0.447265625 0.36572265625