1 0.3881835937500001 0.59423828125 0.3540039062500001 0.59423828125 0.3540039062500001 0.6728515625 0.3881835937500001 0.6728515625
0 0.4082031250000001 0.50634765625 0.3300781250000001 0.50634765625 0.3300781250000001 0.58544921875 0.4082031250000001 0.58544921875
1 0.48730468750000006 0.4384765625000001 0.47021484375 0.4384765625000001 0.47021484375000006 0.4809570312500001 0.4873046875000001 0.4809570312500001
1 0.2031250000000001 0.701171875 0.1489257812500001 0.701171875 0.1489257812500001 0.8115234375 0.2031250000000001 0.8115234375
0 0.77978515625 0.67236328125 0.64111328125 0.67236328125 0.64111328125 0.84619140625 0.77978515625 0.84619140625
1 0.50341796875 0.3735351562500001 0.49267578125 0.3735351562500001 0.49267578125 0.4028320312500001 0.50341796875 0.4028320312500001
1 0.5029296875 0.3491210937500001 0.4931640625 0.3491210937500001 0.4931640625 0.3715820312500001 0.5029296875 0.3715820312500001
1 0.4951171875 0.3203125000000001 0.48681640625 0.3203125000000001 0.48681640625 0.3427734375000001 0.4951171875 0.3427734375000001
1 0.42138671875 0.3193359375 0.4130859375 0.3193359375 0.4130859375 0.337890625 0.42138671875 0.337890625
1 0.46142578125 0.3061523437500001 0.455078125 0.3061523437500001 0.455078125 0.3217773437500001 0.46142578125 0.3217773437500001
1 0.52880859375 0.2866210937500001 0.5224609375 0.2866210937500001 0.5224609375 0.2993164062500001 0.52880859375 0.2993164062500001
1 0.515625 0.2963867187500001 0.509765625 0.2963867187500001 0.509765625 0.3095703125000001 0.515625 0.3095703125000001
1 0.49755859375 0.2924804687500001 0.49267578125 0.2924804687500001 0.49267578125 0.3066406250000001 0.49755859375 0.3066406250000001
1 0.47900390625 0.2895507812500001 0.47119140625 0.2895507812500001 0.47119140625 0.3017578125000001 0.47900390625 0.3017578125000001
1 0.46142578125 0.2871093750000001 0.45556640625 0.2871093750000001 0.45556640625 0.2988281250000001 0.46142578125 0.2988281250000001
0 0.48388671875 0.3022460937500001 0.46728515625 0.3022460937500001 0.46728515625 0.3178710937500001 0.48388671875 0.3178710937500001
0 0.44970703125 0.3125 0.4306640625 0.3125 0.4306640625 0.333984375 0.44970703125 0.333984375
0 0.4521484375 0.3388671875 0.42578125 0.3388671875 0.42578125 0.36279296875 0.4521484375 0.36279296875
0 0.55126953125 0.3212890625000001 0.513671875 0.3212890625000001 0.513671875 0.3588867187500001 0.55126953125 0.3588867187500001
0 0.47314453125 0.36035156250000006 0.439453125 0.3603515625 0.439453125 0.39355468750000006 0.47314453125 0.3935546875000001
0 0.43359375 0.36181640625 0.3896484375 0.36181640625 0.3896484375 0.4326171875 0.43359375 0.4326171875