1 0.5361328125 0.53955078125 0.52685546875 0.53955078125 0.52685546875 0.5576171875 0.5361328125 0.5576171875
0 0.57080078125 0.52685546875 0.5478515625 0.52685546875 0.5478515625 0.54736328125 0.57080078125 0.54736328125
0 0.59130859375 0.541015625 0.5703125 0.541015625 0.5703125 0.5576171875 0.59130859375 0.5576171875
1 0.529296875 0.51904296875 0.51904296875 0.51904296875 0.51904296875 0.5390625 0.529296875 0.5390625
1 0.51123046875 0.515625 0.50146484375 0.515625 0.50146484375 0.53662109375 0.51123046875 0.53662109375
1 0.60009765625 0.4985351562500001 0.587890625 0.4985351562500001 0.587890625 0.52294921875 0.60009765625 0.52294921875
1 0.6337890625 0.50048828125 0.623046875 0.50048828125 0.623046875 0.52294921875 0.6337890625 0.52294921875
1 0.4921875000000001 0.4892578125000001 0.4765625000000001 0.4892578125000001 0.4765625000000001 0.5166015625 0.4921875000000001 0.5166015625
1 0.544921875 0.4838867187500001 0.53125 0.4838867187500001 0.53125 0.51025390625 0.544921875 0.51025390625
1 0.580078125 0.4819335937500001 0.568359375 0.4819335937500001 0.568359375 0.5078125 0.580078125 0.5078125
1 0.61767578125 0.4531250000000001 0.60302734375 0.4531250000000001 0.60302734375 0.4853515625000001 0.61767578125 0.4853515625000001
1 0.6025390625 0.55078125 0.595703125 0.55078125 0.595703125 0.56689453125 0.6025390625 0.56689453125
0 0.59619140625 0.55712890625 0.57763671875 0.55712890625 0.57763671875 0.57177734375 0.59619140625 0.57177734375
0 0.638671875 0.5205078125 0.599609375 0.5205078125 0.599609375 0.56787109375 0.638671875 0.56787109375
1 0.51416015625 0.3671875000000001 0.4921875 0.3671875000000001 0.4921875 0.4101562500000001 0.51416015625 0.4101562500000001
1 0.56494140625 0.009765625000000066 0.52001953125 0.009765625000000062 0.52001953125 0.13671875000000006 0.56494140625 0.13671875000000006
0 0.70947265625 0.055664062500000076 0.6064453125 0.05566406250000007 0.6064453125 0.20556640625000008 0.70947265625 0.2055664062500001
0 0.70458984375 0.21679687500000008 0.62548828125 0.21679687500000006 0.62548828125 0.3100585937500001 0.70458984375 0.3100585937500001
1 0.7783203125 0.2729492187500001 0.7099609375 0.2729492187500001 0.7099609375 0.3217773437500001 0.7783203125 0.3217773437500001
0 0.6904296875 0.3959960937500001 0.646484375 0.3959960937500001 0.646484375 0.4404296875000001 0.6904296875 0.4404296875000001
0 0.68310546875 0.4365234375000001 0.646484375 0.4365234375000001 0.646484375 0.4726562500000001 0.68310546875 0.4726562500000001
0 0.68115234375 0.4628906250000001 0.6474609375 0.4628906250000001 0.6474609375 0.4887695312500001 0.68115234375 0.4887695312500001
0 0.67333984375 0.544921875 0.654296875 0.544921875 0.654296875 0.56396484375 0.67333984375 0.56396484375
0 0.6064453125 0.56982421875 0.5859375 0.56982421875 0.5859375 0.59130859375 0.6064453125 0.59130859375