1 0.3188476562500001 0.78759765625 0.2705078125000001 0.78759765625 0.2705078125000001 0.919921875 0.3188476562500001 0.919921875
1 0.4101562500000001 0.66796875 0.3706054687500001 0.66796875 0.3706054687500001 0.76708984375 0.4101562500000001 0.76708984375
1 0.23828125000000008 0.62890625 0.19726562500000006 0.62890625 0.19726562500000008 0.71826171875 0.2382812500000001 0.71826171875
1 0.2763671875000001 0.55224609375 0.24560546875000006 0.55224609375 0.24560546875000006 0.623046875 0.2763671875000001 0.623046875
1 0.4345703125000001 0.494140625 0.4072265625000001 0.494140625 0.4072265625000001 0.55029296875 0.4345703125000001 0.55029296875
0 0.41845703125000006 0.4521484375 0.3603515625 0.4521484375 0.36035156250000006 0.50927734375 0.4184570312500001 0.50927734375
0 0.76611328125 0.67138671875 0.63037109375 0.67138671875 0.63037109375 0.8447265625 0.76611328125 0.8447265625
0 0.701171875 0.58447265625 0.61328125 0.58447265625 0.61328125 0.681640625 0.701171875 0.681640625
0 0.669921875 0.53173828125 0.59375 0.53173828125 0.59375 0.61181640625 0.669921875 0.61181640625
1 0.48193359375 0.3999023437500001 0.466796875 0.3999023437500001 0.466796875 0.4335937500000001 0.48193359375 0.4335937500000001
0 0.43212890625 0.3427734375 0.38916015625 0.3427734375 0.38916015625 0.40673828125 0.43212890625 0.40673828125
0 0.57568359375 0.3706054687500001 0.54345703125 0.3706054687500001 0.54345703125 0.4028320312500001 0.57568359375 0.4028320312500001
1 0.494140625 0.3598632812500001 0.4833984375 0.3598632812500001 0.4833984375 0.3867187500000001 0.494140625 0.3867187500000001
1 0.3935546875 0.35009765625 0.380859375 0.35009765625 0.380859375 0.37451171875 0.3935546875 0.37451171875
1 0.4912109375 0.3388671875000001 0.4814453125 0.3388671875000001 0.4814453125 0.3598632812500001 0.4912109375 0.3598632812500001
1 0.4736328125 0.3383789062500001 0.46435546875 0.3383789062500001 0.46435546875 0.3598632812500001 0.4736328125 0.3598632812500001
0 0.46728515625 0.34423828125000006 0.43701171875 0.34423828125 0.43701171875 0.37548828125000006 0.46728515625 0.3754882812500001
0 0.5673828125 0.3525390625000001 0.53857421875 0.3525390625000001 0.53857421875 0.3798828125000001 0.5673828125 0.3798828125000001
0 0.56103515625 0.3398437500000001 0.5322265625 0.3398437500000001 0.5322265625 0.3666992187500001 0.56103515625 0.3666992187500001
0 0.5439453125 0.3183593750000001 0.50244140625 0.3183593750000001 0.50244140625 0.3569335937500001 0.5439453125 0.3569335937500001
0 0.44580078125 0.3271484375 0.41943359375 0.3271484375 0.41943359375 0.35107421875 0.44580078125 0.35107421875
1 0.48876953125 0.3164062500000001 0.47998046875 0.3164062500000001 0.47998046875 0.3354492187500001 0.48876953125 0.3354492187500001
1 0.4169921875 0.3125 0.40771484375 0.3125 0.40771484375 0.32958984375 0.4169921875 0.32958984375
0 0.4443359375 0.30615234375 0.42236328125 0.30615234375 0.42236328125 0.32666015625 0.4443359375 0.32666015625
1 0.4912109375 0.3056640625000001 0.482421875 0.3056640625000001 0.482421875 0.3217773437500001 0.4912109375 0.3217773437500001
0 0.4736328125 0.2973632812500001 0.45654296875 0.2973632812500001 0.45654296875 0.3139648437500001 0.4736328125 0.3139648437500001
1 0.44970703125 0.298828125 0.44189453125 0.298828125 0.44189453125 0.314453125 0.44970703125 0.314453125
0 0.49853515625 0.2983398437500001 0.4814453125 0.2983398437500001 0.4814453125 0.3139648437500001 0.49853515625 0.3139648437500001
0 0.53564453125 0.2905273437500001 0.52001953125 0.2905273437500001 0.52001953125 0.3046875000000001 0.53564453125 0.3046875000000001
1 0.50341796875 0.2919921875000001 0.49755859375 0.2919921875000001 0.49755859375 0.3037109375000001 0.50341796875 0.3037109375000001
1 0.48681640625 0.2880859375000001 0.48046875 0.2880859375000001 0.48046875 0.3012695312500001 0.48681640625 0.3012695312500001
1 0.51513671875 0.2846679687500001 0.50927734375 0.2846679687500001 0.50927734375 0.2973632812500001 0.51513671875 0.2973632812500001
1 0.50341796875 0.2822265625000001 0.49755859375 0.2822265625000001 0.49755859375 0.2963867187500001 0.50341796875 0.2963867187500001
1 0.4658203125 0.2856445312500001 0.4599609375 0.2856445312500001 0.4599609375 0.2978515625000001 0.4658203125 0.2978515625000001
0 0.48095703125 0.2822265625000001 0.46728515625 0.2822265625000001 0.46728515625 0.2939453125000001 0.48095703125 0.2939453125000001
0 0.5029296875 0.2670898437500001 0.4833984375 0.2670898437500001 0.4833984375 0.2905273437500001 0.5029296875 0.2905273437500001
1 0.45703125 0.28027343750000006 0.45166015625 0.2802734375 0.45166015625 0.29199218750000006 0.45703125 0.2919921875000001
1 0.44873046875 0.2900390625 0.4423828125 0.2900390625 0.4423828125 0.30126953125 0.44873046875 0.30126953125
1 0.4501953125 0.28271484375 0.4443359375 0.28271484375 0.4443359375 0.29443359375 0.4501953125 0.29443359375
1 0.4384765625 0.29638671875 0.4326171875 0.29638671875 0.4326171875 0.30810546875 0.4384765625 0.30810546875
1 0.44189453125 0.2919921875 0.43603515625 0.2919921875 0.43603515625 0.30615234375 0.44189453125 0.30615234375
1 0.45361328125 0.27294921875000006 0.44873046875 0.27294921875 0.44873046875 0.28173828125000006 0.45361328125 0.2817382812500001
1 0.50927734375 0.2705078125000001 0.50537109375 0.2705078125000001 0.50537109375 0.2807617187500001 0.50927734375 0.2807617187500001
0 0.52978515625 0.2685546875000001 0.51708984375 0.2685546875000001 0.51708984375 0.2832031250000001 0.52978515625 0.2832031250000001
0 0.48486328125 0.2675781250000001 0.4736328125 0.2675781250000001 0.4736328125 0.2758789062500001 0.48486328125 0.2758789062500001