0 0.6923828125 0.046875000000000076 0.59375 0.04687500000000007 0.59375 0.20458984375000008 0.6923828125 0.2045898437500001
0 0.3046875 0.26220703125 0.19335937500000006 0.26220703125 0.19335937500000006 0.3525390625 0.3046875 0.3525390625
0 0.6923828125 0.20849609375000008 0.6181640625 0.20849609375000006 0.6181640625 0.3076171875000001 0.6923828125 0.3076171875000001
1 0.77001953125 0.2729492187500001 0.6982421875 0.2729492187500001 0.6982421875 0.3173828125000001 0.77001953125 0.3173828125000001
1 0.53173828125 0.4101562500000001 0.50927734375 0.4101562500000001 0.50927734375 0.4497070312500001 0.53173828125 0.4497070312500001
1 0.615234375 0.4667968750000001 0.6005859375 0.4667968750000001 0.6005859375 0.4985351562500001 0.615234375 0.4985351562500001
1 0.626953125 0.5048828125 0.6181640625 0.5048828125 0.6181640625 0.5263671875 0.626953125 0.5263671875
1 0.59765625 0.50537109375 0.5859375 0.50537109375 0.5859375 0.52734375 0.59765625 0.52734375
1 0.58154296875 0.4931640625000001 0.5693359375 0.4931640625000001 0.5693359375 0.51953125 0.58154296875 0.51953125
1 0.55224609375 0.5 0.541015625 0.5 0.541015625 0.5205078125 0.55224609375 0.5205078125
1 0.501953125 0.50146484375 0.4853515625000001 0.50146484375 0.4853515625000001 0.52734375 0.501953125 0.52734375
1 0.4541015625000001 0.45458984375000006 0.4345703125000001 0.45458984375 0.4345703125000001 0.48779296875000006 0.4541015625000001 0.4877929687500001
1 0.51611328125 0.52783203125 0.5048828125 0.52783203125 0.5048828125 0.54541015625 0.51611328125 0.54541015625
1 0.53271484375 0.52685546875 0.5205078125 0.52685546875 0.5205078125 0.5439453125 0.53271484375 0.5439453125
1 0.5380859375 0.54443359375 0.52783203125 0.54443359375 0.52783203125 0.56201171875 0.5380859375 0.56201171875
0 0.6787109375 0.3886718750000001 0.63232421875 0.3886718750000001 0.63232421875 0.4345703125000001 0.6787109375 0.4345703125000001
0 0.6728515625 0.4316406250000001 0.63427734375 0.4316406250000001 0.63427734375 0.4648437500000001 0.6728515625 0.4648437500000001
0 0.666015625 0.4555664062500001 0.634765625 0.4555664062500001 0.634765625 0.4814453125000001 0.666015625 0.4814453125000001
0 0.62841796875 0.52587890625 0.59619140625 0.52587890625 0.59619140625 0.56640625 0.62841796875 0.56640625
0 0.66357421875 0.54443359375 0.6455078125 0.54443359375 0.6455078125 0.55859375 0.66357421875 0.55859375
0 0.56689453125 0.53125 0.5458984375 0.53125 0.5458984375 0.55126953125 0.56689453125 0.55126953125
0 0.58544921875 0.54296875 0.56494140625 0.54296875 0.56494140625 0.55908203125 0.58544921875 0.55908203125
0 0.58984375 0.556640625 0.5751953125 0.556640625 0.5751953125 0.57177734375 0.58984375 0.57177734375
0 0.599609375 0.5673828125 0.5830078125 0.5673828125 0.5830078125 0.59130859375 0.599609375 0.59130859375