1 0.50439453125 0.13134765625000006 0.46484375 0.13134765625000006 0.46484375 0.23535156250000006 0.50439453125 0.23535156250000006
1 0.15283203125 0.11572265625000001 0.08593750000000003 0.11572265625 0.08593750000000003 0.20751953125 0.15283203125 0.20751953125
0 0.7177734375 0.18164062500000008 0.6181640625 0.18164062500000006 0.6181640625 0.3129882812500001 0.7177734375 0.3129882812500001
1 0.583984375 0.3950195312500001 0.5556640625 0.3950195312500001 0.5556640625 0.4555664062500001 0.583984375 0.4555664062500001
0 0.3896484375 0.35009765625 0.3056640625 0.35009765625 0.3056640625 0.42138671875 0.3896484375 0.42138671875
0 0.54833984375 0.38769531250000006 0.453125 0.3876953125 0.45312500000000006 0.51904296875 0.54833984375 0.51904296875
0 0.68701171875 0.3203125000000001 0.6103515625 0.3203125000000001 0.6103515625 0.3984375000000001 0.68701171875 0.3984375000000001
0 0.64599609375 0.4716796875000001 0.60302734375 0.4716796875000001 0.60302734375 0.509765625 0.64599609375 0.509765625
1 0.23632812500000006 0.34033203125 0.19970703125000006 0.34033203125 0.19970703125000006 0.39990234375 0.23632812500000006 0.39990234375
1 0.36279296875000006 0.427734375 0.3388671875 0.427734375 0.33886718750000006 0.47216796875 0.3627929687500001 0.47216796875
1 0.3725585937500001 0.4716796875 0.3520507812500001 0.4716796875 0.3520507812500001 0.51025390625 0.3725585937500001 0.51025390625
1 0.53515625 0.59130859375 0.5263671875 0.59130859375 0.5263671875 0.609375 0.53515625 0.609375
1 0.58984375 0.50537109375 0.580078125 0.50537109375 0.580078125 0.53857421875 0.58984375 0.53857421875
1 0.74755859375 0.3710937500000001 0.68701171875 0.3710937500000001 0.68701171875 0.4111328125000001 0.74755859375 0.4111328125000001
1 0.58447265625 0.5185546875 0.5703125 0.5185546875 0.5703125 0.54931640625 0.58447265625 0.54931640625
1 0.4448242187500001 0.5830078125 0.4360351562500001 0.5830078125 0.4360351562500001 0.6015625 0.4448242187500001 0.6015625
0 0.4687500000000001 0.521484375 0.4335937500000001 0.521484375 0.4335937500000001 0.5546875 0.4687500000000001 0.5546875
0 0.4233398437500001 0.52685546875 0.3725585937500001 0.52685546875 0.3725585937500001 0.5546875 0.4233398437500001 0.5546875
0 0.4970703125000001 0.55419921875 0.4663085937500001 0.55419921875 0.4663085937500001 0.59716796875 0.4970703125000001 0.59716796875
0 0.55810546875 0.55322265625 0.53076171875 0.55322265625 0.53076171875 0.576171875 0.55810546875 0.576171875
0 0.6318359375 0.5126953125 0.59521484375 0.5126953125 0.59521484375 0.54296875 0.6318359375 0.54296875