1 0.81640625 0.69482421875 0.78125 0.69482421875 0.78125 0.75341796875 0.81640625 0.75341796875
0 0.4213867187500001 0.8154296875 0.3232421875000001 0.8154296875 0.3232421875000001 0.96435546875 0.4213867187500001 0.96435546875
0 0.4082031250000001 0.7109375 0.3261718750000001 0.7109375 0.3261718750000001 0.8056640625 0.4082031250000001 0.8056640625
0 0.8017578125000001 0.669921875 0.5390625 0.669921875 0.5390625000000001 0.98046875 0.8017578125000002 0.98046875
0 0.3813476562500001 0.58056640625 0.3383789062500001 0.58056640625 0.3383789062500001 0.62548828125 0.3813476562500001 0.62548828125
0 0.64208984375 0.5517578125 0.583984375 0.5517578125 0.583984375 0.59423828125 0.64208984375 0.59423828125
1 0.4653320312500001 0.513671875 0.4511718750000001 0.513671875 0.4511718750000001 0.5419921875 0.4653320312500001 0.5419921875
1 0.521484375 0.4833984375000001 0.51025390625 0.4833984375000001 0.51025390625 0.5087890625 0.521484375 0.5087890625
1 0.4057617187500001 0.4892578125 0.3955078125000001 0.4892578125 0.3955078125000001 0.51416015625 0.4057617187500001 0.51416015625
1 0.4331054687500001 0.47412109375 0.4262695312500001 0.47412109375 0.4262695312500001 0.49169921875 0.4331054687500001 0.49169921875
1 0.4160156250000001 0.47119140625 0.4086914062500001 0.47119140625 0.4086914062500001 0.490234375 0.4160156250000001 0.490234375
1 0.3955078125000001 0.47314453125 0.3867187500000001 0.47314453125 0.3867187500000001 0.4892578125 0.3955078125000001 0.4892578125
1 0.4995117187500001 0.4643554687500001 0.4912109375000001 0.4643554687500001 0.4912109375000001 0.4833984375000001 0.4995117187500001 0.4833984375000001
1 0.4506835937500001 0.46923828125 0.4423828125000001 0.46923828125 0.4423828125000001 0.48681640625 0.4506835937500001 0.48681640625