0 0.4213867187500001 0.72265625 0.2617187500000001 0.72265625 0.2617187500000001 0.9638671875 0.4213867187500001 0.9638671875
1 0.818359375 0.736328125 0.77783203125 0.736328125 0.77783203125 0.86474609375 0.818359375 0.86474609375
0 0.8828125 0.4848632812500001 0.744140625 0.4848632812500001 0.744140625 0.61181640625 0.8828125 0.61181640625
1 0.6171875 0.4184570312500001 0.591796875 0.4184570312500001 0.591796875 0.4770507812500001 0.6171875 0.4770507812500001
1 0.5322265625 0.3969726562500001 0.50927734375 0.3969726562500001 0.50927734375 0.4462890625000001 0.5322265625 0.4462890625000001
0 0.68994140625 0.3510742187500001 0.6318359375 0.3510742187500001 0.6318359375 0.4223632812500001 0.68994140625 0.4223632812500001
0 0.818359375 0.3823242187500001 0.7412109375 0.3823242187500001 0.7412109375 0.4594726562500001 0.818359375 0.4594726562500001
1 0.54541015625 0.3242187500000001 0.5283203125 0.3242187500000001 0.5283203125 0.3681640625000001 0.54541015625 0.3681640625000001
0 0.4326171875000001 0.58740234375 0.2968750000000001 0.58740234375 0.2968750000000001 0.748046875 0.4326171875000001 0.748046875
0 0.4472656250000001 0.50048828125 0.3554687500000001 0.50048828125 0.3554687500000001 0.599609375 0.4472656250000001 0.599609375
0 0.46728515625000006 0.45312500000000006 0.39501953125 0.453125 0.39501953125000006 0.5322265625 0.4672851562500001 0.5322265625
1 0.7587890625 0.3374023437500001 0.7431640625 0.3374023437500001 0.7431640625 0.3759765625000001 0.7587890625 0.3759765625000001
1 0.74755859375 0.3002929687500001 0.728515625 0.3002929687500001 0.728515625 0.3320312500000001 0.74755859375 0.3320312500000001
1 0.546875 0.2905273437500001 0.53564453125 0.2905273437500001 0.53564453125 0.3198242187500001 0.546875 0.3198242187500001
1 0.5849609375 0.2744140625000001 0.57421875 0.2744140625000001 0.57421875 0.3012695312500001 0.5849609375 0.3012695312500001
1 0.5634765625 0.2587890625000001 0.55224609375 0.2587890625000001 0.55224609375 0.2817382812500001 0.5634765625 0.2817382812500001
1 0.54833984375 0.24169921875000006 0.53759765625 0.24169921875000006 0.53759765625 0.2602539062500001 0.54833984375 0.2602539062500001
1 0.65478515625 0.22705078125000006 0.640625 0.22705078125000006 0.640625 0.24316406250000006 0.65478515625 0.24316406250000006
0 0.71044921875 0.2890625000000001 0.6611328125 0.2890625000000001 0.6611328125 0.3286132812500001 0.71044921875 0.3286132812500001
0 0.6416015625 0.2812500000000001 0.60595703125 0.2812500000000001 0.60595703125 0.3266601562500001 0.6416015625 0.3266601562500001
0 0.611328125 0.3056640625000001 0.568359375 0.3056640625000001 0.568359375 0.3530273437500001 0.611328125 0.3530273437500001
0 0.85546875 0.2915039062500001 0.75830078125 0.2915039062500001 0.75830078125 0.3344726562500001 0.85546875 0.3344726562500001
0 0.5205078125 0.2871093750000001 0.4892578125 0.2871093750000001 0.4892578125 0.3193359375000001 0.5205078125 0.3193359375000001