1 0.7294921875000001 0.78759765625 0.68115234375 0.78759765625 0.6811523437500001 0.919921875 0.7294921875000002 0.919921875
1 0.62939453125 0.66796875 0.58984375 0.66796875 0.58984375 0.76708984375 0.62939453125 0.76708984375
1 0.802734375 0.62890625 0.76171875 0.62890625 0.76171875 0.71826171875 0.802734375 0.71826171875
1 0.75439453125 0.55224609375 0.7236328125 0.55224609375 0.7236328125 0.623046875 0.75439453125 0.623046875
1 0.5927734375 0.4941406250000001 0.5654296875 0.4941406250000001 0.5654296875 0.55029296875 0.5927734375 0.55029296875
0 0.6396484375 0.4521484375000001 0.58154296875 0.4521484375000001 0.58154296875 0.50927734375 0.6396484375 0.50927734375
0 0.3696289062500001 0.67138671875 0.23388671875000006 0.67138671875 0.23388671875000008 0.8447265625 0.3696289062500001 0.8447265625
0 0.3867187500000001 0.58447265625 0.2988281250000001 0.58447265625 0.2988281250000001 0.681640625 0.3867187500000001 0.681640625
0 0.4062500000000001 0.53173828125 0.3300781250000001 0.53173828125 0.3300781250000001 0.61181640625 0.4062500000000001 0.61181640625
1 0.533203125 0.3999023437500001 0.51806640625 0.3999023437500001 0.51806640625 0.4335937500000001 0.533203125 0.4335937500000001
0 0.61083984375 0.3427734375000001 0.56787109375 0.3427734375000001 0.56787109375 0.4067382812500001 0.61083984375 0.4067382812500001
0 0.45654296875 0.37060546875000006 0.42431640625 0.37060546875 0.42431640625 0.40283203125000006 0.45654296875 0.4028320312500001
1 0.5166015625 0.3598632812500001 0.505859375 0.3598632812500001 0.505859375 0.3867187500000001 0.5166015625 0.3867187500000001
1 0.619140625 0.3500976562500001 0.6064453125 0.3500976562500001 0.6064453125 0.3745117187500001 0.619140625 0.3745117187500001
1 0.5185546875 0.3388671875000001 0.5087890625 0.3388671875000001 0.5087890625 0.3598632812500001 0.5185546875 0.3598632812500001
1 0.53564453125 0.3383789062500001 0.5263671875 0.3383789062500001 0.5263671875 0.3598632812500001 0.53564453125 0.3598632812500001
0 0.56298828125 0.3442382812500001 0.53271484375 0.3442382812500001 0.53271484375 0.3754882812500001 0.56298828125 0.3754882812500001
0 0.46142578125 0.35253906250000006 0.4326171875 0.3525390625 0.4326171875 0.37988281250000006 0.46142578125 0.3798828125000001
0 0.4677734375 0.33984375000000006 0.43896484375 0.33984375 0.43896484375 0.36669921875000006 0.4677734375 0.3666992187500001
0 0.49755859375 0.3183593750000001 0.4560546875 0.3183593750000001 0.4560546875 0.3569335937500001 0.49755859375 0.3569335937500001
0 0.58056640625 0.3271484375000001 0.55419921875 0.3271484375000001 0.55419921875 0.3510742187500001 0.58056640625 0.3510742187500001
1 0.52001953125 0.3164062500000001 0.51123046875 0.3164062500000001 0.51123046875 0.3354492187500001 0.52001953125 0.3354492187500001
1 0.59228515625 0.3125000000000001 0.5830078125 0.3125000000000001 0.5830078125 0.3295898437500001 0.59228515625 0.3295898437500001
0 0.57763671875 0.3061523437500001 0.5556640625 0.3061523437500001 0.5556640625 0.3266601562500001 0.57763671875 0.3266601562500001
1 0.517578125 0.3056640625000001 0.5087890625 0.3056640625000001 0.5087890625 0.3217773437500001 0.517578125 0.3217773437500001
0 0.54345703125 0.2973632812500001 0.5263671875 0.2973632812500001 0.5263671875 0.3139648437500001 0.54345703125 0.3139648437500001
1 0.55810546875 0.2988281250000001 0.55029296875 0.2988281250000001 0.55029296875 0.3144531250000001 0.55810546875 0.3144531250000001
0 0.5185546875 0.2983398437500001 0.50146484375 0.2983398437500001 0.50146484375 0.3139648437500001 0.5185546875 0.3139648437500001
0 0.47998046875 0.2905273437500001 0.46435546875 0.2905273437500001 0.46435546875 0.3046875000000001 0.47998046875 0.3046875000000001
1 0.50244140625 0.2919921875000001 0.49658203125 0.2919921875000001 0.49658203125 0.3037109375000001 0.50244140625 0.3037109375000001
1 0.51953125 0.2880859375000001 0.51318359375 0.2880859375000001 0.51318359375 0.3012695312500001 0.51953125 0.3012695312500001
1 0.49072265625 0.2846679687500001 0.48486328125 0.2846679687500001 0.48486328125 0.2973632812500001 0.49072265625 0.2973632812500001
1 0.50244140625 0.2822265625000001 0.49658203125 0.2822265625000001 0.49658203125 0.2963867187500001 0.50244140625 0.2963867187500001
1 0.5400390625 0.2856445312500001 0.5341796875 0.2856445312500001 0.5341796875 0.2978515625000001 0.5400390625 0.2978515625000001
0 0.53271484375 0.2822265625000001 0.51904296875 0.2822265625000001 0.51904296875 0.2939453125000001 0.53271484375 0.2939453125000001
0 0.5166015625 0.2670898437500001 0.4970703125 0.2670898437500001 0.4970703125 0.2905273437500001 0.5166015625 0.2905273437500001
1 0.54833984375 0.2802734375000001 0.54296875 0.2802734375000001 0.54296875 0.2919921875000001 0.54833984375 0.2919921875000001
1 0.5576171875 0.2900390625000001 0.55126953125 0.2900390625000001 0.55126953125 0.3012695312500001 0.5576171875 0.3012695312500001
1 0.5556640625 0.2827148437500001 0.5498046875 0.2827148437500001 0.5498046875 0.2944335937500001 0.5556640625 0.2944335937500001
1 0.5673828125 0.2963867187500001 0.5615234375 0.2963867187500001 0.5615234375 0.3081054687500001 0.5673828125 0.3081054687500001
1 0.56396484375 0.2919921875000001 0.55810546875 0.2919921875000001 0.55810546875 0.3061523437500001 0.56396484375 0.3061523437500001
1 0.55126953125 0.2729492187500001 0.54638671875 0.2729492187500001 0.54638671875 0.2817382812500001 0.55126953125 0.2817382812500001
1 0.49462890625 0.2705078125000001 0.49072265625 0.2705078125000001 0.49072265625 0.2807617187500001 0.49462890625 0.2807617187500001
0 0.48291015625 0.2685546875000001 0.47021484375 0.2685546875000001 0.47021484375 0.2832031250000001 0.48291015625 0.2832031250000001
0 0.5263671875 0.2675781250000001 0.51513671875 0.2675781250000001 0.51513671875 0.2758789062500001 0.5263671875 0.2758789062500001