1 0.509765625 0.52099609375 0.4726562500000001 0.52099609375 0.4726562500000001 0.60009765625 0.509765625 0.60009765625
1 0.5205078125 0.4301757812500001 0.49755859375 0.4301757812500001 0.49755859375000006 0.4741210937500001 0.5205078125 0.4741210937500001
1 0.5336914062500001 0.89794921875 0.4614257812500001 0.89794921875 0.4614257812500001 1 0.5336914062500002 1
0 0.85302734375 0.61572265625 0.69384765625 0.61572265625 0.69384765625 0.828125 0.85302734375 0.828125
0 0.6435546875 0.4335937500000001 0.572265625 0.4335937500000001 0.572265625 0.50439453125 0.6435546875 0.50439453125
0 0.4028320312500001 0.78515625 0.2216796875000001 0.78515625 0.2216796875000001 0.9921875 0.4028320312500001 0.9921875
0 0.4106445312500001 0.64208984375 0.2612304687500001 0.64208984375 0.2612304687500001 0.8037109375 0.4106445312500001 0.8037109375
0 0.4228515625000001 0.55908203125 0.3208007812500001 0.55908203125 0.3208007812500001 0.65673828125 0.4228515625000001 0.65673828125
0 0.4399414062500001 0.50732421875 0.3774414062500001 0.50732421875 0.3774414062500001 0.583984375 0.4399414062500001 0.583984375
0 0.724609375 0.3886718750000001 0.67041015625 0.3886718750000001 0.67041015625 0.4472656250000001 0.724609375 0.4472656250000001
0 0.64306640625 0.3745117187500001 0.595703125 0.3745117187500001 0.595703125 0.4291992187500001 0.64306640625 0.4291992187500001
0 0.6279296875 0.3393554687500001 0.59228515625 0.3393554687500001 0.59228515625 0.3833007812500001 0.6279296875 0.3833007812500001
0 0.61474609375 0.3242187500000001 0.587890625 0.3242187500000001 0.587890625 0.3520507812500001 0.61474609375 0.3520507812500001
0 0.6044921875 0.3085937500000001 0.57666015625 0.3085937500000001 0.57666015625 0.3310546875000001 0.6044921875 0.3310546875000001
0 0.56396484375 0.3139648437500001 0.533203125 0.3139648437500001 0.533203125 0.3398437500000001 0.56396484375 0.3398437500000001
0 0.49853515625 0.3437500000000001 0.46533203125 0.3437500000000001 0.46533203125 0.3735351562500001 0.49853515625 0.3735351562500001
0 0.5068359375 0.3281250000000001 0.47265625 0.3281250000000001 0.47265625 0.3461914062500001 0.5068359375 0.3461914062500001
0 0.50830078125 0.3144531250000001 0.48388671875 0.3144531250000001 0.48388671875 0.3403320312500001 0.50830078125 0.3403320312500001
1 0.56640625 0.3808593750000001 0.548828125 0.3808593750000001 0.548828125 0.4189453125000001 0.56640625 0.4189453125000001
1 0.55224609375 0.3491210937500001 0.53515625 0.3491210937500001 0.53515625 0.3798828125000001 0.55224609375 0.3798828125000001
1 0.53515625 0.3247070312500001 0.52099609375 0.3247070312500001 0.52099609375 0.3491210937500001 0.53515625 0.3491210937500001
1 0.64990234375 0.3085937500000001 0.63818359375 0.3085937500000001 0.63818359375 0.3310546875000001 0.64990234375 0.3310546875000001
1 0.64013671875 0.2954101562500001 0.63330078125 0.2954101562500001 0.63330078125 0.3183593750000001 0.64013671875 0.3183593750000001
1 0.62451171875 0.2763671875000001 0.6171875 0.2763671875000001 0.6171875 0.2954101562500001 0.62451171875 0.2954101562500001
1 0.6123046875 0.2729492187500001 0.6044921875 0.2729492187500001 0.6044921875 0.2890625000000001 0.6123046875 0.2890625000000001
1 0.5546875 0.2719726562500001 0.54638671875 0.2719726562500001 0.54638671875 0.2861328125000001 0.5546875 0.2861328125000001
1 0.541015625 0.2709960937500001 0.53466796875 0.2709960937500001 0.53466796875 0.2866210937500001 0.541015625 0.2866210937500001
1 0.7919921875 0.3686523437500001 0.7607421875 0.3686523437500001 0.7607421875 0.4013671875000001 0.7919921875 0.4013671875000001
0 0.55712890625 0.23779296875000006 0.5390625 0.23779296875000006 0.5390625 0.2578125000000001 0.55712890625 0.2578125000000001
0 0.52392578125 0.2626953125000001 0.5068359375 0.2626953125000001 0.5068359375 0.2778320312500001 0.52392578125 0.2778320312500001
0 0.5283203125 0.24072265625000006 0.5126953125 0.24072265625000006 0.5126953125 0.2578125000000001 0.5283203125 0.2578125000000001