1 0.61669921875 0.53369140625 0.58740234375 0.53369140625 0.58740234375 0.59814453125 0.61669921875 0.59814453125
0 0.6552734375 0.4765625000000001 0.59130859375 0.4765625000000001 0.59130859375 0.5390625 0.6552734375 0.5390625
1 0.65380859375 0.7490234375 0.6083984375 0.7490234375 0.6083984375 0.869140625 0.65380859375 0.869140625
1 0.87109375 0.71435546875 0.8212890625 0.71435546875 0.8212890625 0.82275390625 0.87109375 0.82275390625
1 0.79296875 0.6064453125 0.7578125 0.6064453125 0.7578125 0.68798828125 0.79296875 0.68798828125
0 0.3696289062500001 0.671875 0.23339843750000006 0.671875 0.23339843750000008 0.8486328125 0.3696289062500001 0.8486328125
0 0.3901367187500001 0.5859375 0.2978515625000001 0.5859375 0.2978515625000001 0.68994140625 0.3901367187500001 0.68994140625
0 0.4106445312500001 0.5341796875 0.3315429687500001 0.5341796875 0.3315429687500001 0.61328125 0.4106445312500001 0.61328125
1 0.537109375 0.4155273437500001 0.52099609375 0.4155273437500001 0.52099609375 0.4545898437500001 0.537109375 0.4545898437500001
1 0.51806640625 0.3662109375000001 0.50732421875 0.3662109375000001 0.50732421875 0.3955078125000001 0.51806640625 0.3955078125000001
0 0.4580078125 0.37207031250000006 0.42431640625 0.3720703125 0.42431640625 0.40185546875000006 0.4580078125 0.4018554687500001
0 0.6181640625 0.3500976562500001 0.572265625 0.3500976562500001 0.572265625 0.4165039062500001 0.6181640625 0.4165039062500001
0 0.4609375 0.35351562500000006 0.43310546875 0.353515625 0.43310546875 0.38037109375000006 0.4609375 0.3803710937500001
0 0.466796875 0.33984375000000006 0.44140625 0.33984375 0.44140625 0.36865234375000006 0.466796875 0.3686523437500001
0 0.5 0.3208007812500001 0.45751953125 0.3208007812500001 0.45751953125 0.3583984375000001 0.5 0.3583984375000001
1 0.51904296875 0.3447265625000001 0.509765625 0.3447265625000001 0.509765625 0.3662109375000001 0.51904296875 0.3662109375000001
1 0.5400390625 0.3437500000000001 0.529296875 0.3437500000000001 0.529296875 0.3666992187500001 0.5400390625 0.3666992187500001
0 0.56884765625 0.3515625000000001 0.5361328125 0.3515625000000001 0.5361328125 0.3842773437500001 0.56884765625 0.3842773437500001
0 0.58349609375 0.3325195312500001 0.55712890625 0.3325195312500001 0.55712890625 0.3569335937500001 0.58349609375 0.3569335937500001
1 0.62158203125 0.3564453125000001 0.6103515625 0.3564453125000001 0.6103515625 0.3818359375000001 0.62158203125 0.3818359375000001
0 0.580078125 0.3105468750000001 0.55810546875 0.3105468750000001 0.55810546875 0.3305664062500001 0.580078125 0.3305664062500001
1 0.52197265625 0.3183593750000001 0.513671875 0.3183593750000001 0.513671875 0.3383789062500001 0.52197265625 0.3383789062500001
1 0.5166015625 0.3090820312500001 0.5107421875 0.3090820312500001 0.5107421875 0.3251953125000001 0.5166015625 0.3251953125000001
0 0.51904296875 0.3022460937500001 0.501953125 0.3022460937500001 0.501953125 0.3168945312500001 0.51904296875 0.3168945312500001
0 0.54443359375 0.3007812500000001 0.52783203125 0.3007812500000001 0.52783203125 0.3159179687500001 0.54443359375 0.3159179687500001
1 0.5576171875 0.3032226562500001 0.5498046875 0.3032226562500001 0.5498046875 0.3168945312500001 0.5576171875 0.3168945312500001
1 0.59521484375 0.3159179687500001 0.5869140625 0.3159179687500001 0.5869140625 0.3334960937500001 0.59521484375 0.3334960937500001
0 0.48046875 0.2905273437500001 0.46435546875 0.2905273437500001 0.46435546875 0.3046875000000001 0.48046875 0.3046875000000001
1 0.52099609375 0.2910156250000001 0.513671875 0.2910156250000001 0.513671875 0.3046875000000001 0.52099609375 0.3046875000000001
1 0.5400390625 0.2885742187500001 0.53369140625 0.2885742187500001 0.53369140625 0.2998046875000001 0.5400390625 0.2998046875000001
0 0.53369140625 0.2836914062500001 0.52001953125 0.2836914062500001 0.52001953125 0.2963867187500001 0.53369140625 0.2963867187500001
1 0.490234375 0.2871093750000001 0.4853515625 0.2871093750000001 0.4853515625 0.2983398437500001 0.490234375 0.2983398437500001
1 0.5029296875 0.2846679687500001 0.49755859375 0.2846679687500001 0.49755859375 0.2973632812500001 0.5029296875 0.2973632812500001
1 0.5029296875 0.2944335937500001 0.49755859375 0.2944335937500001 0.49755859375 0.3066406250000001 0.5029296875 0.3066406250000001
0 0.5166015625 0.2690429687500001 0.49755859375 0.2690429687500001 0.49755859375 0.2919921875000001 0.5166015625 0.2919921875000001
1 0.548828125 0.2827148437500001 0.54345703125 0.2827148437500001 0.54345703125 0.2944335937500001 0.548828125 0.2944335937500001
1 0.55224609375 0.2739257812500001 0.54736328125 0.2739257812500001 0.54736328125 0.2851562500000001 0.55224609375 0.2851562500000001
1 0.55517578125 0.2851562500000001 0.55078125 0.2851562500000001 0.55078125 0.2968750000000001 0.55517578125 0.2968750000000001
1 0.560546875 0.2915039062500001 0.5546875 0.2915039062500001 0.5546875 0.3037109375000001 0.560546875 0.3037109375000001
0 0.4833984375 0.2695312500000001 0.470703125 0.2695312500000001 0.470703125 0.2827148437500001 0.4833984375 0.2827148437500001
0 0.4833984375 0.2827148437500001 0.48291015625 0.2827148437500001 0.48291015625 0.2832031250000001 0.4833984375 0.2832031250000001
1 0.4951171875 0.2719726562500001 0.49072265625 0.2719726562500001 0.49072265625 0.2822265625000001 0.4951171875 0.2822265625000001
0 0.5263671875 0.2685546875000001 0.515625 0.2685546875000001 0.515625 0.2783203125000001 0.5263671875 0.2783203125000001
1 0.56884765625 0.2998046875000001 0.5625 0.2998046875000001 0.5625 0.3110351562500001 0.56884765625 0.3110351562500001