0 0.68310546875 0.57568359375 0.57177734375 0.57568359375 0.57177734375 0.71240234375 0.68310546875 0.71240234375
1 0.5283203125 0.53955078125 0.5009765625 0.53955078125 0.5009765625 0.6064453125 0.5283203125 0.6064453125
1 0.56298828125 0.4995117187500001 0.5390625 0.4995117187500001 0.5390625 0.55615234375 0.56298828125 0.55615234375
1 0.513671875 0.4536132812500001 0.4863281250000001 0.4536132812500001 0.4863281250000001 0.50341796875 0.513671875 0.50341796875
0 0.66357421875 0.4433593750000001 0.591796875 0.4433593750000001 0.591796875 0.5126953125 0.66357421875 0.5126953125
0 0.3447265625000001 0.6689453125 0.19921875000000006 0.6689453125 0.19921875000000008 0.85107421875 0.3447265625000001 0.85107421875
0 0.3574218750000001 0.58837890625 0.2705078125000001 0.58837890625 0.2705078125000001 0.6923828125 0.3574218750000001 0.6923828125
0 0.3735351562500001 0.53076171875 0.3037109375000001 0.53076171875 0.3037109375000001 0.61767578125 0.3735351562500001 0.61767578125
1 0.728515625 0.4799804687500001 0.70947265625 0.4799804687500001 0.70947265625 0.53369140625 0.728515625 0.53369140625
1 0.53515625 0.3725585937500001 0.51708984375 0.3725585937500001 0.51708984375 0.4052734375000001 0.53515625 0.4052734375000001
1 0.6240234375 0.3647460937500001 0.61328125 0.3647460937500001 0.61328125 0.3935546875000001 0.6240234375 0.3935546875000001
1 0.54248046875 0.3525390625000001 0.53125 0.3525390625000001 0.53125 0.3759765625000001 0.54248046875 0.3759765625000001
1 0.55126953125 0.3447265625000001 0.5439453125 0.3447265625000001 0.5439453125 0.3681640625000001 0.55126953125 0.3681640625000001
1 0.56640625 0.3383789062500001 0.5576171875 0.3383789062500001 0.5576171875 0.3564453125000001 0.56640625 0.3564453125000001
1 0.51220703125 0.3442382812500001 0.50537109375 0.3442382812500001 0.50537109375 0.3637695312500001 0.51220703125 0.3637695312500001
1 0.4716796875 0.3022460937500001 0.46630859375 0.3022460937500001 0.46630859375 0.3178710937500001 0.4716796875 0.3178710937500001
1 0.5048828125 0.3183593750000001 0.49658203125 0.3183593750000001 0.49658203125 0.3369140625000001 0.5048828125 0.3369140625000001
1 0.5234375 0.3071289062500001 0.5205078125 0.3071289062500001 0.5205078125 0.3237304687500001 0.5234375 0.3237304687500001
1 0.5400390625 0.3183593750000001 0.53173828125 0.3183593750000001 0.53173828125 0.3330078125000001 0.5400390625 0.3330078125000001
1 0.57177734375 0.3251953125000001 0.5625 0.3251953125000001 0.5625 0.3408203125000001 0.57177734375 0.3408203125000001
1 0.54296875 0.3037109375000001 0.537109375 0.3037109375000001 0.537109375 0.3164062500000001 0.54296875 0.3164062500000001
1 0.5400390625 0.2900390625000001 0.5322265625 0.2900390625000001 0.5322265625 0.3007812500000001 0.5400390625 0.3007812500000001
1 0.455078125 0.29785156250000006 0.44873046875 0.2978515625 0.44873046875 0.31005859375000006 0.455078125 0.3100585937500001
1 0.4599609375 0.2802734375000001 0.455078125 0.2802734375000001 0.455078125 0.2915039062500001 0.4599609375 0.2915039062500001
0 0.49658203125 0.2822265625000001 0.4736328125 0.2822265625000001 0.4736328125 0.3115234375000001 0.49658203125 0.3115234375000001
0 0.50927734375 0.2812500000000001 0.49609375 0.2812500000000001 0.49609375 0.2949218750000001 0.50927734375 0.2949218750000001
0 0.517578125 0.3041992187500001 0.5 0.3041992187500001 0.5 0.3217773437500001 0.517578125 0.3217773437500001
0 0.5322265625 0.3247070312500001 0.51171875 0.3247070312500001 0.51171875 0.3471679687500001 0.5322265625 0.3471679687500001
0 0.4267578125 0.36962890625 0.39501953125 0.36962890625 0.39501953125 0.3955078125 0.4267578125 0.3955078125
0 0.43017578125 0.35009765625 0.40625 0.35009765625 0.40625 0.37353515625 0.43017578125 0.37353515625
0 0.43701171875 0.33837890625 0.41259765625 0.33837890625 0.41259765625 0.36376953125 0.43701171875 0.36376953125
1 0.4697265625 0.3217773437500001 0.462890625 0.3217773437500001 0.462890625 0.3320312500000001 0.4697265625 0.3320312500000001
0 0.486328125 0.3320312500000001 0.4541015625 0.3320312500000001 0.4541015625 0.3803710937500001 0.486328125 0.3803710937500001
0 0.501953125 0.3286132812500001 0.48046875 0.3286132812500001 0.48046875 0.3491210937500001 0.501953125 0.3491210937500001
0 0.59521484375 0.3574218750000001 0.55859375 0.3574218750000001 0.55859375 0.3950195312500001 0.59521484375 0.3950195312500001