0 0.4897460937500001 0.63671875 0.2695312500000001 0.63671875 0.2695312500000001 0.89453125 0.4897460937500001 0.89453125
0 0.6748046875 0.70947265625 0.5947265625 0.70947265625 0.5947265625 0.80810546875 0.6748046875 0.80810546875
0 0.6796875 0.8134765625 0.6748046875 0.8134765625 0.6748046875 0.814453125 0.6796875 0.814453125
0 0.6762695312500001 0.814453125 0.57373046875 0.814453125 0.5737304687500001 0.9599609375 0.6762695312500002 0.9599609375
0 0.66259765625 0.58056640625 0.6201171875 0.58056640625 0.6201171875 0.625 0.66259765625 0.625
1 0.2695312500000001 0.65576171875 0.23291015625000006 0.65576171875 0.23291015625000008 0.71142578125 0.2695312500000001 0.71142578125
0 0.4321289062500001 0.5419921875 0.3798828125000001 0.5419921875 0.3798828125000001 0.58203125 0.4321289062500001 0.58203125
0 0.55419921875 0.5048828125 0.5400390625 0.5048828125 0.5400390625 0.53369140625 0.55419921875 0.53369140625
0 0.65625 0.54833984375 0.6201171875 0.54833984375 0.6201171875 0.5830078125 0.65625 0.5830078125
0 0.654296875 0.53271484375 0.62060546875 0.53271484375 0.62060546875 0.5625 0.654296875 0.5625
1 0.4960937500000001 0.4804687500000001 0.4863281250000001 0.4804687500000001 0.4863281250000001 0.50048828125 0.4960937500000001 0.50048828125
1 0.60595703125 0.4863281250000001 0.5966796875 0.4863281250000001 0.5966796875 0.5087890625 0.60595703125 0.5087890625
1 0.61474609375 0.4702148437500001 0.60595703125 0.4702148437500001 0.60595703125 0.4887695312500001 0.61474609375 0.4887695312500001
1 0.5947265625 0.4687500000000001 0.5859375 0.4687500000000001 0.5859375 0.4877929687500001 0.5947265625 0.4877929687500001
1 0.5771484375 0.4702148437500001 0.5693359375 0.4702148437500001 0.5693359375 0.4887695312500001 0.5771484375 0.4887695312500001
1 0.5625 0.4653320312500001 0.5537109375 0.4653320312500001 0.5537109375 0.4843750000000001 0.5625 0.4843750000000001
1 0.51513671875 0.4609375000000001 0.505859375 0.4609375000000001 0.505859375 0.4809570312500001 0.51513671875 0.4809570312500001
0 0.5654296875 0.4521484375000001 0.54541015625 0.4521484375000001 0.54541015625 0.4677734375000001 0.5654296875 0.4677734375000001
0 0.64794921875 0.4570312500000001 0.62890625 0.4570312500000001 0.62890625 0.4755859375000001 0.64794921875 0.4755859375000001
1 0.533203125 0.4531250000000001 0.5244140625 0.4531250000000001 0.5244140625 0.4682617187500001 0.533203125 0.4682617187500001
1 0.5234375 0.4506835937500001 0.5146484375 0.4506835937500001 0.5146484375 0.4672851562500001 0.5234375 0.4672851562500001
0 0.58056640625 0.4423828125000001 0.5625 0.4423828125000001 0.5625 0.4560546875000001 0.58056640625 0.4560546875000001
0 0.62255859375 0.4375000000000001 0.5908203125 0.4375000000000001 0.5908203125 0.4741210937500001 0.62255859375 0.4741210937500001