0 0.3510742187500001 0.7412109375 0.1489257812500001 0.7412109375 0.1489257812500001 0.953125 0.3510742187500001 0.953125
0 0.8271484375000001 0.7890625 0.6796875 0.7890625 0.6796875000000001 0.9931640625 0.8271484375000002 0.9931640625
0 0.73193359375 0.58056640625 0.63330078125 0.58056640625 0.63330078125 0.70556640625 0.73193359375 0.70556640625
0 0.7001953125 0.4897460937500001 0.62646484375 0.4897460937500001 0.62646484375 0.57470703125 0.7001953125 0.57470703125
1 0.56298828125 0.4731445312500001 0.54052734375 0.4731445312500001 0.54052734375 0.5390625 0.56298828125 0.5390625
0 0.52197265625 0.4565429687500001 0.4545898437500001 0.4565429687500001 0.4545898437500001 0.5322265625 0.52197265625 0.5322265625
0 0.4013671875000001 0.4912109375 0.3027343750000001 0.4912109375 0.3027343750000001 0.58544921875 0.4013671875000001 0.58544921875
0 0.658203125 0.3769531250000001 0.61669921875 0.3769531250000001 0.61669921875 0.4204101562500001 0.658203125 0.4204101562500001
0 0.47900390625 0.35644531250000006 0.4248046875 0.3564453125 0.4248046875 0.40625000000000006 0.47900390625 0.4062500000000001
0 0.5 0.3110351562500001 0.4638671875 0.3110351562500001 0.4638671875 0.3486328125000001 0.5 0.3486328125000001
0 0.5244140625 0.2817382812500001 0.49560546875 0.2817382812500001 0.49560546875 0.3061523437500001 0.5244140625 0.3061523437500001
0 0.64306640625 0.3496093750000001 0.609375 0.3496093750000001 0.609375 0.3833007812500001 0.64306640625 0.3833007812500001
1 0.36865234375 0.38818359375 0.34912109375 0.38818359375 0.34912109375 0.4296875 0.36865234375 0.4296875
1 0.53466796875 0.3310546875000001 0.5224609375 0.3310546875000001 0.5224609375 0.3608398437500001 0.53466796875 0.3608398437500001
1 0.54833984375 0.2954101562500001 0.53857421875 0.2954101562500001 0.53857421875 0.3198242187500001 0.54833984375 0.3198242187500001
1 0.54052734375 0.2724609375000001 0.53271484375 0.2724609375000001 0.53271484375 0.2919921875000001 0.54052734375 0.2919921875000001
1 0.55810546875 0.2500000000000001 0.55224609375 0.2500000000000001 0.55224609375 0.2661132812500001 0.55810546875 0.2661132812500001
1 0.755859375 0.4780273437500001 0.7021484375 0.4780273437500001 0.7021484375 0.52001953125 0.755859375 0.52001953125