0 0.73046875 0.10546875000000007 0.51025390625 0.10546875000000006 0.51025390625 0.3632812500000001 0.73046875 0.3632812500000001
0 0.4052734375 0.19189453125000006 0.3251953125 0.19189453125000006 0.3251953125 0.29052734375 0.4052734375 0.29052734375
0 0.3251953125 0.18554687500000006 0.3203125 0.18554687500000006 0.3203125 0.18652343750000006 0.3251953125 0.18652343750000006
0 0.42626953125 0.04003906250000005 0.32373046875 0.04003906250000004 0.32373046875 0.18554687500000006 0.42626953125 0.18554687500000006
0 0.3798828125 0.375 0.33740234375 0.375 0.33740234375 0.41943359375 0.3798828125 0.41943359375
1 0.76708984375 0.2885742187500001 0.73046875 0.2885742187500001 0.73046875 0.3442382812500001 0.76708984375 0.3442382812500001
0 0.6201171875 0.4179687500000001 0.56787109375 0.4179687500000001 0.56787109375 0.4580078125000001 0.6201171875 0.4580078125000001
0 0.4599609375000001 0.46630859375000006 0.4458007812500001 0.46630859375 0.4458007812500001 0.49511718750000006 0.4599609375000001 0.4951171875000001
0 0.3798828125 0.4169921875 0.34375 0.4169921875 0.34375 0.45166015625 0.3798828125 0.45166015625
0 0.37939453125000006 0.4375 0.345703125 0.4375 0.34570312500000006 0.46728515625 0.3793945312500001 0.46728515625
1 0.513671875 0.4995117187500001 0.50390625 0.4995117187500001 0.50390625 0.51953125 0.513671875 0.51953125
1 0.4033203125000001 0.4912109375 0.3940429687500001 0.4912109375 0.3940429687500001 0.513671875 0.4033203125000001 0.513671875
1 0.3940429687500001 0.51123046875 0.3852539062500001 0.51123046875 0.3852539062500001 0.52978515625 0.3940429687500001 0.52978515625
1 0.4140625000000001 0.51220703125 0.4052734375000001 0.51220703125 0.4052734375000001 0.53125 0.4140625000000001 0.53125
1 0.4306640625000001 0.51123046875 0.4228515625000001 0.51123046875 0.4228515625000001 0.52978515625 0.4306640625000001 0.52978515625
1 0.4462890625000001 0.515625 0.4375000000000001 0.515625 0.4375000000000001 0.53466796875 0.4462890625000001 0.53466796875
1 0.4941406250000001 0.51904296875 0.4848632812500001 0.51904296875 0.4848632812500001 0.5390625 0.4941406250000001 0.5390625
0 0.4545898437500001 0.5322265625 0.4345703125000001 0.5322265625 0.4345703125000001 0.5478515625 0.4545898437500001 0.5478515625
0 0.3710937500000001 0.5244140625 0.3520507812500001 0.5244140625 0.3520507812500001 0.54296875 0.3710937500000001 0.54296875
1 0.4755859375000001 0.53173828125 0.4667968750000001 0.53173828125 0.4667968750000001 0.546875 0.4755859375000001 0.546875
1 0.4853515625000001 0.53271484375 0.4765625000000001 0.53271484375 0.4765625000000001 0.54931640625 0.4853515625000001 0.54931640625
0 0.4375000000000001 0.5439453125 0.4194335937500001 0.5439453125 0.4194335937500001 0.5576171875 0.4375000000000001 0.5576171875
0 0.4091796875000001 0.52587890625 0.3774414062500001 0.52587890625 0.3774414062500001 0.5625 0.4091796875000001 0.5625