1 0.44091796875000006 0.4345703125 0.41455078125 0.4345703125 0.41455078125000006 0.50634765625 0.4409179687500001 0.50634765625
1 0.439453125 0.14111328125000006 0.3955078125 0.14111328125000006 0.3955078125 0.25390625 0.439453125 0.25390625
0 0.79296875 0.16015625000000008 0.65478515625 0.16015625000000006 0.65478515625 0.3378906250000001 0.79296875 0.3378906250000001
0 0.7255859375 0.3193359375000001 0.6328125 0.3193359375000001 0.6328125 0.4238281250000001 0.7255859375 0.4238281250000001
0 0.69287109375 0.3920898437500001 0.61083984375 0.3920898437500001 0.61083984375 0.4770507812500001 0.69287109375 0.4770507812500001
0 0.3710937500000001 0.4873046875 0.3022460937500001 0.4873046875 0.3022460937500001 0.556640625 0.3710937500000001 0.556640625
1 0.4511718750000001 0.5263671875 0.4296875000000001 0.5263671875 0.4296875000000001 0.5703125 0.4511718750000001 0.5703125
1 0.4311523437500001 0.54833984375 0.4145507812500001 0.54833984375 0.4145507812500001 0.58740234375 0.4311523437500001 0.58740234375
1 0.4082031250000001 0.57275390625 0.3911132812500001 0.57275390625 0.3911132812500001 0.60693359375 0.4082031250000001 0.60693359375
1 0.3007812500000001 0.58349609375 0.2709960937500001 0.58349609375 0.2709960937500001 0.6171875 0.3007812500000001 0.6171875
1 0.3847656250000001 0.60302734375 0.3676757812500001 0.60302734375 0.3676757812500001 0.634765625 0.3847656250000001 0.634765625
1 0.4624023437500001 0.5859375 0.4472656250000001 0.5859375 0.4472656250000001 0.619140625 0.4624023437500001 0.619140625
1 0.5556640625 0.6044921875 0.54248046875 0.6044921875 0.54248046875 0.6357421875 0.5556640625 0.6357421875
1 0.4145507812500001 0.62841796875 0.4013671875000001 0.62841796875 0.4013671875000001 0.654296875 0.4145507812500001 0.654296875
0 0.59521484375 0.60791015625 0.5634765625 0.60791015625 0.5634765625 0.6396484375 0.59521484375 0.6396484375
0 0.5859375 0.630859375 0.55810546875 0.630859375 0.55810546875 0.65673828125 0.5859375 0.65673828125
0 0.580078125 0.6416015625 0.55078125 0.6416015625 0.55078125 0.67041015625 0.580078125 0.67041015625
0 0.4677734375000001 0.63037109375 0.4379882812500001 0.63037109375 0.4379882812500001 0.65869140625 0.4677734375000001 0.65869140625
0 0.52734375 0.5947265625 0.4848632812500001 0.5947265625 0.4848632812500001 0.65185546875 0.52734375 0.65185546875
1 0.4316406250000001 0.64208984375 0.4199218750000001 0.64208984375 0.4199218750000001 0.666015625 0.4316406250000001 0.666015625
1 0.4814453125000001 0.640625 0.4697265625000001 0.640625 0.4697265625000001 0.66552734375 0.4814453125000001 0.66552734375
1 0.4516601562500001 0.654296875 0.4423828125000001 0.654296875 0.4423828125000001 0.6708984375 0.4516601562500001 0.6708984375
0 0.4819335937500001 0.66015625 0.4575195312500001 0.66015625 0.4575195312500001 0.681640625 0.4819335937500001 0.681640625
1 0.5283203125 0.6669921875 0.52001953125 0.6669921875 0.52001953125 0.68603515625 0.5283203125 0.68603515625
1 0.54931640625 0.68359375 0.5419921875 0.68359375 0.5419921875 0.69970703125 0.54931640625 0.69970703125
0 0.5166015625 0.673828125 0.4843750000000001 0.673828125 0.4843750000000001 0.71337890625 0.5166015625 0.71337890625
0 0.4829101562500001 0.69384765625 0.4643554687500001 0.69384765625 0.4643554687500001 0.708984375 0.4829101562500001 0.708984375
1 0.4418945312500001 0.6806640625 0.4331054687500001 0.6806640625 0.4331054687500001 0.6982421875 0.4418945312500001 0.6982421875
1 0.4331054687500001 0.65869140625 0.4238281250000001 0.65869140625 0.4238281250000001 0.6767578125 0.4331054687500001 0.6767578125
1 0.533203125 0.70068359375 0.5263671875 0.70068359375 0.5263671875 0.7158203125 0.533203125 0.7158203125
1 0.5244140625 0.64892578125 0.51416015625 0.64892578125 0.51416015625 0.66552734375 0.5244140625 0.66552734375
1 0.50341796875 0.7138671875 0.4975585937500001 0.7138671875 0.4975585937500001 0.72412109375 0.50341796875 0.72412109375
1 0.51513671875 0.71142578125 0.509765625 0.71142578125 0.509765625 0.72412109375 0.51513671875 0.72412109375
1 0.5546875 0.7060546875 0.53857421875 0.7060546875 0.53857421875 0.71923828125 0.5546875 0.71923828125
1 0.4658203125000001 0.70751953125 0.4584960937500001 0.70751953125 0.4584960937500001 0.72119140625 0.4658203125000001 0.72119140625