1 0.4760742187500001 0.5361328125 0.4370117187500001 0.5361328125 0.4370117187500001 0.60400390625 0.4760742187500001 0.60400390625
0 0.3271484375000001 0.681640625 0.1816406250000001 0.681640625 0.1816406250000001 0.85546875 0.3271484375000001 0.85546875
0 0.787109375 0.66845703125 0.64892578125 0.66845703125 0.64892578125 0.85546875 0.787109375 0.85546875
0 0.41552734375000006 0.39697265625 0.35009765625 0.39697265625 0.35009765625000006 0.49951171875 0.4155273437500001 0.49951171875
1 0.5068359375 0.3969726562500001 0.486328125 0.3969726562500001 0.486328125 0.4399414062500001 0.5068359375 0.4399414062500001
0 0.71826171875 0.58544921875 0.62744140625 0.58544921875 0.62744140625 0.6884765625 0.71826171875 0.6884765625
0 0.68115234375 0.5322265625 0.6083984375 0.5322265625 0.6083984375 0.6123046875 0.68115234375 0.6123046875
0 0.4638671875 0.39013671875000006 0.4208984375 0.39013671875 0.4208984375 0.43457031250000006 0.4638671875 0.4345703125000001
0 0.44580078125 0.35693359375 0.41162109375 0.35693359375 0.41162109375 0.3857421875 0.44580078125 0.3857421875
0 0.58935546875 0.3710937500000001 0.5615234375 0.3710937500000001 0.5615234375 0.4023437500000001 0.58935546875 0.4023437500000001
0 0.447265625 0.3232421875 0.4228515625 0.3232421875 0.4228515625 0.34716796875 0.447265625 0.34716796875
0 0.5478515625 0.3227539062500001 0.50830078125 0.3227539062500001 0.50830078125 0.3627929687500001 0.5478515625 0.3627929687500001
0 0.486328125 0.3095703125000001 0.4677734375 0.3095703125000001 0.4677734375 0.3242187500000001 0.486328125 0.3242187500000001
1 0.4853515625 0.3300781250000001 0.474609375 0.3300781250000001 0.474609375 0.3535156250000001 0.4853515625 0.3535156250000001
1 0.46484375 0.3154296875000001 0.45751953125 0.3154296875000001 0.45751953125 0.3334960937500001 0.46484375 0.3334960937500001
1 0.412109375 0.33154296875 0.40478515625 0.33154296875 0.40478515625 0.35302734375 0.412109375 0.35302734375
1 0.50244140625 0.3178710937500001 0.49658203125 0.3178710937500001 0.49658203125 0.3364257812500001 0.50244140625 0.3364257812500001
1 0.47705078125 0.3745117187500001 0.4677734375 0.3745117187500001 0.4677734375 0.4023437500000001 0.47705078125 0.4023437500000001
1 0.5068359375 0.3681640625000001 0.49609375 0.3681640625000001 0.49609375 0.3940429687500001 0.5068359375 0.3940429687500001